9.589
9.903
10.48
11.4
11.225
10.98
11.3
11
11.22
11.74
12.09
11.53
12.085
11.345
11.01
10.695
11.145
11.45
11.83
11.625
11.735
11.475
11.02
11.25
11.06
11.68
11.615
11.455
11.725
11.995
11.51
11.655
11.695
11.905
11.415
11.175
11.36
11.375
11.05
11.145
11.22
11.375
11.65
11.09
10.965
11.43
11.265
11.655
11.94
11.51
11.93
11.56
11.53
11.655
11.385
11.225
11.295
11.15
11.375
11.37
11.91
11.89
12.12
12.445
12.69
12.635
12.865
12.98
12.71
13.005
13.24
13.48
13.38
13.59
13.38
13.51
13.35
13.675
13.78
13.455
13.7
13.97
13.74
13.335
13.3
13.175
13.57
13.98
14.48
14.755
14.515
14.23
14.73
14.46
14.195
14.08
14.1
14.33
14.68
14.77
14.81
15.455
15.865
15.51
15.15
15.255
16.209999
16.4
15.575
15.68
15.4
15.02
14.74
15.14
14.97
15.345
15.1
14.48
14.51
14.535
14.87
15.04
15.11
15.285
14.705
14.455
14.41
14.15
14.13
13.795
13.78
13.78
13.95
13.435
13.33
12.76
12.87
12.785
12.88
12.975
13.205
13.265
13.34
13.32
13.235
12.95
13.29
13.155
13.75
13.545
13.505
13.055
12.72
13.01
12.75
12.265
11.74
11.98
11.915
11.65
11.66
11.92
12.38
12.455
12.28
12.155
12.125
12.365
12.445
12.51
12.645
12.945
13.01
13.36
13.485
13.51
13.62
13.63
13.73
13.7
14.085
13.99
13.945
14.07
14.21
14.35
14.48
14.1
14.105
14.23
14.43
14.71
14.805
14.815
14.4
14.185
13.955
14.01
13.795
13.775
14.2
14.275
14.61
14.625
14.25
14.1
14.01
13.805
13.795
13.73
13.75
13.55
13.795
14.48
14.66
14.865
14.87
15.045
14.735
14.53
15.155
15.365
15.445
15.485
15.645
15.955
15.88
15.435
15.275
14.85
14.675
14.655
14.64
14.48
14.68
14.83
15
14.69
15.16
15.265
15.325
15.305
14.88
14.895
15.245
15.145
14.99
14.54
14.9
14.775
14.515
14.7
14.765
14.61
14.415
14.635
14.58
14.365
14.515
14.585
14.035
13.94
14.215
14.03
13.85
13.655
13.805
13.95
13.88
14.155
14.65
15.395
15.53
16.315001
15.995
16.98
16.360001
16.035
15.85
15.68
15.26
15.765
16.030001
16.084999
16.290001
16.055
16.049999
16.295
16.09
16.129999
16.225
17.219999
17.985001
17.645
18.32
18.370001
18.049999
17.985001
17.93
17.875
17.965
17.955
17.59
17.495001
17.6
17.004999
16.870001
16.385
15.8
16.174999
16.365
16.754999
16.92
17.01
17.15
17.655001
17.395
16.549999
16.42
16.555
16.08
16.385
17.35
18.014999
17.950001
17.495001
17.459999
17.584999
18.18
18.075001
18.01
18.139999
18.674999
18.540001
18.365
18.295
17.855
18.165001
18.025
18.110001
18.434999
18.48
18.215
17.895
18.525
18.375
17.924999
17.950001
17.385
17.315001
17.365
17.860001
18.360001
18.145
18.059999
18.17
18.014999
18.629999
18.995001
19.209999
19.18
18.99
18.65
18.924999
19.32
19.594999
18.93
18.545
19.25
19.26
19.040001
18.745001
18.295
18.08
18.18
18.6
18.07
17.870001
17.975
18.01
18.309999
18.475
18.145
17.655001
17.93
18.200001
18.200001
18.450001
18.43
18.09
18.254999
18.385
18.610001
18.885
19.125
19.280001
19.025
18.254999
18.4
18.52
18.555
19.094999
19.004999
18.16
18.030001
17.190001
17.32
17.32
17.32
16.969999
16.674999
17.51
17.5
17.459999
17.215
17.26
17.48
17.58
17.5
17.379999
17.924999
18.485001
17.915001
17.975
17.915001
17.825001
17.645
17.825001
17.655001
17.889999
18.059999
18.025
17.955
18.025
17.875
17.905001
17.764999
17.785
17.93
18.389999
19.08
19.15
19.16
20.07
20.495001
20.299999
20.75
20.799999
21.450001
20.950001
20.559999
20.389999
20.540001
20.74
20.75
21.584999
21.655001
21.049999
20.975
20.84
20.76
20.334999
20.85
21.165001
20.889999
20.98
21.764999
21.73
21.84
22.24
21.77
21.65
21.17
21.049999
20.85
20.77
20.66
20.959999
20.65
20.32
19.780001
19.695
19.299999
19.84
20.059999
19.785
19.655001
19.334999
18.785
18.780001
19.065001
19.24
19.565001
19.465
19.84
20.18
20.184999
20.225
20.285
20.76
20.540001
21.16
21.035
21.01
20.85
21.035
20.91
20.875
20.655001
20.915001
20.875
21.059999
20.545
20.620001
21.26
21.235001
21.43
21.27
21.125
20.889999
20.77
20.75
20.469999
20.4
20.950001
20.969999
21.514999
21.76
21.815001
23.09
22.6
22.049999
22.27
23.025
22.715
22.4
22.565001
22.344999
22.504999
22.42
22.424999
22.879999
22.129999
21.389999
21.52
21.465
21.34
21.209999
21.575001
21.115
21.27
21.405001
21.674999
21.629999
21.440001
21.26
21.754999
21.85
22.02
22.4
22.049999
22.540001
22.825001
23.08
23.01
23.424999
23.549999
23.389999
23.385
23.125
23.045
23.195
24.094999
23.790001
23.709999
23.76
23.93
24.790001
24.870001
24.834999
25.040001
24.48
24.33
24.299999
24.200001
23.955
23.535
22.73
21.355
21.68
19.809999
20.495001
19.91
20.665001
21.35
22.01
21.799999
22.6
20.9
20.77
21.084999
21.280001
21.754999
21.389999
21.014999
21.215
21.360001
22.139999
22.059999
21.18
20.629999
20.629999
21.75
21.725
21.280001
21.285
21.285
21.77
22.424999
22.48
22.205
22.895
22.684999
20.889999
20.68
20.35
21.25
21.27
21.59
21.205
20.92
19.83
20.959999
21.705
20.985001
21.799999
22.405001
22.35
22.594999
22.975
21.995001
22.4
21.440001
20.075001
20.35
20.549999
21
20.309999
21.57
21.35
21.370001
21.09
21.285
21.645
21.33
21.215
20.870001
19.965
20.969999
22.264999
22.049999
21.99
22
21.205
21.305
20.799999
20.575001
20.190001
20.74
20.745001
21.365
21.4
22.195
21.77
21.93
22.055
21.924999
21.82
21.82
22.405001
22.035
22.625
22.15
22.76
22.65
22.799999
23.6
23.684999
23.645
23.6
23.59
23.6
24.08
24.15
24.5
24.5
24.565001
24.889999
24.764999
24.865
25.030001
25.17
25.035
25.15
25.674999
25.790001
25.865
25.525
25.65
25.645
25.969999
25.809999
25.445
25.610001
25.379999
25.68
25.955
25.959999
27.540001
27.23
26.955
26.455
26.83
26.75
27.049999
26.99
27.035
26.889999
27.120001
27.07
27
27.165001
27.295
27.059999
27.165001
27.190001
27.264999
28.049999
27.65
27.469999
26.450001
26.844999
29.74
30.059999
29.700001
30.25
30.555
30.815001
31.1
30.325001
30.440001
30.754999
30.24
30.459999
30.855
30.799999
30.695
30.325001
30.705
30.950001
31.17
30.370001
30.684999
29.725
30.035
30.9
30.219999
30.67
30.965
30.639999
30.85
30.584999
29.25
29.745001
30.440001
30.285
30.455
29.825001
30.16
30.549999
29.530001
29.709999
28.74
29.09
28.84
28.6
28.725
29.030001
29.379999
28.754999
27.809999
27.940001
28.504999
27.92
27.985001
27.280001
27.620001
27.825001
27.07
27.07
26.15
25.605
25.76
26.370001
27.33
26.879999
26.795
26.780001
26.59
26.145
26.030001
26.780001
26.825001
26.584999
26.9
25.74
26.26
25.959999
26.625
26.75
27.940001
28.495001
28.424999
29
28.5
28.07
28.514999
28.235001
26.92
26.790001
27.215
27.530001
27.059999
27.370001
27.639999
28.709999
27.93
28.445
27.895
28.209999
29.805
29.715
29.26
31.004999
30.280001
31.200001
30.799999
30.700001
30.25
30.615
30.695
30.365
30.27
30.405001
30.110001
30.25
30.32
30.715
30.639999
29.92
29.6
29.629999
29.775
30.344999
30.18
30.32
30.809999
29.985001
29.934999
30.504999
30.25
29.559999
29.67
28
25.145
25.305
25.700001
25.74
25.635
25.934999
25.700001
25
25.195
24.450001
24.85
24.665001
24.915001
25.565001
25.629999
25.9
26.48
26.25
26.1
27.48
27.174999
26.34
26.635
26.65
27
26.995001
26.795
26.555
25.870001
26.6
26.745001
27.120001
27.125
27.405001
27.41
27.5
27.450001
27.219999
27.434999
27.23
26.1
26.32
26.115
26.184999
25.85
25.09
25.17
25.58
25.485001
25.405001
25.24
24.895
24.565001
24.385
24.805
25.295
25.889999
26.445
26.575001
27.23
29.4
29.795
29.66
29.365
29.41
29.24
28.92
29.110001
29.865
30
29.870001
29.995001
29.635
29.395
30.065001
30.200001
30.799999
30.75
30.924999
32.125
32.040001
32.294998
32.150002
32.145
32.435001
33.700001
34.599998
34.310001
35
34.755001
34.685001
34.785
35.735001
35.299999
34.389999
34.605
35.189999
34.82
34.935001
34.825001
35.305
35.044998
34.764999
34.970001
35.174999
34.884998
34.895
35.200001
35.759998
36.25
35.299999
35.889999
35.540001
34.865002
37.139999
39.18
38.950001
39.900002
39.400002
39.435001
39.990002
40
40.52
41.115002
41.799999
41.945
42.584999
42.049999
41.689999
41.355
40.639999
41.349998
41.455002
40.924999
39.665001
39.700001
41.115002
40.334999
39.25
38.279999
38.709999
37.599998
38.474998
38.380001
37.654999
37.505001
37.195
39
38.794998
39.93
39.395
40.615002
40.91
40.650002
40
39.865002
40.105
40.355
40.849998
40.724998
40.724998
41.25
41.334999
41.509998
41.200001
42.439999
43.115002
43.299999
43.299999
43.165001
43.075001
43.099998
42.02
42.525002
42.595001
43.799999
44.200001
44.244999
44.450001
43.384998
43.325001
42.445
41.919998
43.424999
43.009998
42.334999
42.994999
43.005001
42.84
43
43.150002
42.305
41.264999
40.75
39.610001
40.744999
41.369999
41.560001
41.064999
41.209999
40.790001
40.235001
41.700001
41.200001
41.66
41.724998
41.509998
41.360001
41.27
41.84
41.625
41.66
42.215
42.639999
42.57
42.23
42.32
43.450001
44.169998
44.345001
44.27
44.884998
45.275002
45.055
44.790001
45.404999
45.619999
45.830002
45.955002
44.939999
44.544998
45.049999
45.110001
45.205002
44.880001
43.939999
43.465
43.994999
44.450001
44.505001
43.775002
42.689999
43.404999
43.605
44.650002
44.310001
44.625
45.09
45.389999
45.48
46.345001
46.005001
45.25
44.805
45.080002
45.099998
46.445
47.25
46.965
46.005001
46.099998
46.610001
47.02
47.450001
47.095001
48.334999
48.575001
48.59
49.209999
50.299999
48.994999
47.935001
48.299999
48.77
48.919998
48.540001
48.314999
48.465
48.959999
48.025002
47.689999
47.299999
48.400002
49.040001
48.639999
49.330002
50.279999
50.610001
50.610001
52.009998
52.66
53.509998
53.639999
53.439999
53.799999
52.349998
51.759998
52.740002
51.950001
53.209999
52.360001
52.18
51.41
51.740002
52.23
51.529999
52.369999
52.669998
52.259998
53.099998
51.130001
50.639999
49.895
50.080002
50.490002
49.18
52.860001
53.52
53.93
55.419998
54.439999
55
55.84
55.900002
55.91
56.150002
56.240002
55.73
55.810001
56.549999
56.400002
55.43
55.91
55.349998
54.709999
55.279999
55.779999
56.099998
56.639999
56.990002
57.029999
57.009998
57
57.099998
54.900002
52.779999
52.759998
54.830002
53.560001
53.200001
52.610001
51.98
52.16
51.119999
52.200001
52.509998
52.450001
53.599998
53.240002
52.130001
53.200001
52.700001
52.98
52.84
52.57
52.380001
53.07
53.110001
53.970001
53.779999
53.389999
51.700001
53.360001
52.75
52.959999
51.310001
50.490002
50.360001
50.099998
50.110001
49.959999
50.360001
50.549999
51.330002
52.5
51.900002
51.18
52.009998
52.860001
52.200001
52.599998
51.990002
52.869999
52.490002
53.119999
54
53.32
51.349998
51.02
50.07
49.814999
49.005001
49.060001
50.59
51.330002
51.369999
50.939999
50.880001
50.400002
50.400002
50.09
49.490002
49.490002
49.25
49.134998
48.845001
48.555
48.595001
48.66
49.490002
52.540001
51.970001
50.849998
50.369999
51.32
50.599998
50.380001
51.049999
51.59
51.75
52.740002
53.119999
52.650002
52.610001
53.290001
52.68
52.549999
53.48
53.689999
53.220001
53.869999
52.209999
51.84
51.279999
50.540001
50.740002
50.119999
50.599998
50.189999
49.355
49
49.049999
48.535
49.290001
48.939999
47.945
47.290001
47.764999
47.974998
47.255001
46.855
47.005001
46.814999
47.110001
47.134998
46.505001
45.360001
44.98
44.48
43.290001
44.404999
44.924999
45.360001
44.5
44.02
43.685001
45
43.360001
42.674999
42.59
42.450001
42.985001
42.560001
42.215
43.345001
43.055
43.095001
43.605
43.470001
44.130001
44.654999
44.5
44.685001
44.73
45.945
46.544998
46.764999
46.599998
46.805
46.799999
47
47.334999
48.875
49.189999
48.889999
48.59
48.400002
48.205002
48.5
48.919998
49.07
48.799999
49.549999
49.380001
49.165001
47.5
47.540001
48.580002
49.34
48.555
49.82
49.09
47.869999
49.580002
49.924999
48.610001
47.580002
45.650002
45.439999
45.455002
45.904999
43.700001
42.75
43.959999
43.669998
44.865002
45.209999
45.535
45.290001
44.759998
45.415001
45.799999
45.904999
47.599998
47.549999
46.880001
47.82
48.404999
48.240002
48.375
48.650002
48.049999
47.700001
48.455002
47.945
46.740002
47
46.860001
48.275002
49.005001
49.575001
49.384998
49.790001
48.994999
48.744999
48.669998
48.424999
48.169998
49.830002
49.185001
48.195
43.174999
41.32
40.709999
40.544998
40.965
40.950001
41.849998
41.689999
41.470001
41.740002
41.529999
41.525002
40.939999
41.349998
41.525002
41.650002
42.615002
43.724998
45.215
44.549999
44.950001
45.564999
45.139999
46.27
46.395
46.650002
47.080002
46.82
47.330002
49.279999
50.139999
49.07
48.955002
48.275002
47.200001
46.869999
47.244999
47.634998
48.41
48.345001
48.235001
49.735001
49.419998
49.775002
49.75
50.450001
50.669998
51.389999
51.990002
52.459999
52.84
51.849998
51.400002
51.630001
55.330002
56.09
55.400002
56.52
59.209999
59.419998
58.880001
58.880001
61.43
62.080002
63.560001
63.860001
60.98
61.189999
61.080002
61.400002
60
60.310001
58.889999
60.139999
60.41
61.189999
60.439999
60.91
60.759998
60.400002
60.040001
61.27
61.91
62.790001
61.130001
62.73
63.970001
62.18
63.110001
64.540001
65.800003
65.639999
65.139999
65.75
62.900002
60.580002
62
61.599998
59.900002
60.279999
60.360001
63.400002
62.09
60.709999
60.200001
60.869999
60.860001
61.5
62.810001
63.34
63.939999
63.73
63.360001
63.490002
65.260002
64.639999
62
61.82
61.509998
61.43
60.77
59.66
59.150002
58.950001
60.529999
61.450001
60.439999
59.290001
59.369999
57.959999
57.689999
58.939999
60.639999
61.990002
61.689999
61.830002
61.509998
59.299999
58.200001
60.369999
59.52
59.209999
58.380001
56.619999
57.16
58.599998
60.400002
62.279999
62.880001
63.689999
65.120003
64.650002
64.739998
64.080002
63.360001
63.040001
63.060001
60.299999
61.23
62.119999
62.41
64.599998
65.730003
64.889999
66.730003
67.18
66.5
66.129997
64.279999
60.950001
62.450001
62.400002
63.009998
62.959999
61.860001
60.099998
57.389999
54.700001
56.200001
55.919998
57.91
58.279999
58.09
56.509998
55.759998
57.439999
55.32
55.330002
55.889999
57.32
56.5
55.57
54.509998
55.060001
55.689999
56.32
54.419998
55
53.099998
53.290001
51.869999
54.16
52.490002
52.259998
52.91
53.549999
54.68
56.610001
56.959999
56.900002
57.09
57.610001
56.200001
56.59
56.119999
54.529999
55.529999
55.41
55.029999
56.279999
57.52
60.169998
59.950001
59.119999
59.619999
60.689999
63.360001
63.59
63.23
64.010002
64.599998
66.099998
65.400002
66.019997
66.550003
64.059998
63.529999
63.459999
66.169998
65.779999
65.870003
66.419998
66.529999
65.589996
67.050003
68.150002
67.949997
68.440002
67.25
67.199997
63.66
64.010002
65.889999
64.709999
63.490002
64.18
62.279999
61.299999
63.139999
64.389999
65.129997
63.259998
61.919998
61.900002
62.580002
62.150002
61.709999
63.049999
62.580002
60.860001
62.09
61.27
60.040001
58.759998
58.110001
59
59.490002
58.009998
56.150002
55.849998
56.720001
54.360001
55.529999
56.950001
57.32
57.419998
55.459999
55.02
57.82
57.849998
55.349998
53.900002
53.810001
54.060001
51.130001
51.220001
52.369999
49.959999
51.310001
53.380001
53.779999
55.049999
55.849998
55.25
56.150002
55.41
54.950001
57.369999
57.509998
59.779999
60.799999
60.540001
60.77
62.099998
61.48
60.610001
60.639999
58.240002
60.130001
60.41
60.290001
60.779999
59.529999
60.599998
60.880001
61.25
61.330002
59.77
60.049999
59.959999
58.349998
56.98
57.32
56.43
56.459999
56.740002
57.509998
56.349998
56.07
57.610001
56.869999
56.580002
56.84
57.380001
57.459999
58.18
58.169998
58.639999
58.23
58.459999
55.77
54.610001
54.25
53.560001
53.25
54.02
54.029999
54.380001
55.549999
55.490002
55.23
55.139999
54.869999
54.18
53.209999
53.330002
54.41
54.540001
56
56.07
56
56.02
56.299999
56.02
55.939999
55.299999
53.349998
53.029999
53.509998
53.610001
53.400002
52.66
51.27
50.98
51.669998
50.490002
50.830002
53.310001
54.360001
54.450001
55.529999
52.110001
49.919998
51.110001
51.93
51.73
51.48
51.290001
49.77
48.470001
49.049999
49.029999
50.200001
52.209999
53.119999
53.380001
52.610001
52.200001
52.27
52.919998
52.009998
51.400002
51.080002
51.700001
54
53.57
52.630001
52.25
51.259998
50.459999
50.599998
51
50.34
51.099998
51.200001
51.84
52.029999
52.279999
51.490002
50.689999
50
49.860001
49.974998
50.599998
51.209999
50.549999
51.040001
51.299999
51.439999
52.290001
51.849998
53.189999
53.860001
54.400002
54.75
55.5
55.630001
54.5
53.82
53.060001
52.810001
52.580002
52.82
52.470001
52.650002
53.720001
53.810001
52.490002
52.139999
52.709999
53.299999
53.84
53.740002
54.849998
55.080002
54.43
53.830002
54.330002
53.029999
52.48
52.419998
52.599998
52.709999
53.630001
54.130001
54.27
54.259998
54.830002
53.389999
55.400002
55.450001
55
54.150002
53.32
52.59
52.080002
51.919998
53.150002
52.82
54.259998
55.349998
54.759998
56.369999
56.470001
54.82
55.529999
55.240002
57.68
58.400002
59.779999
60.040001
60.310001
60.049999
60.43
60.27
60.049999
58.990002
59.880001
59.400002
58.580002
59.32
59.580002
60.450001
62.849998
62.400002
64.099998
64.18
63.25
63.84
63
62.720001
62.900002
62.919998
62.720001
62.360001
62.84
62.82
63.5
63.400002
64.599998
65.139999
65.279999
65.199997
65.459999
64.690002
65.639999
65.18
65.349998
64.839996
65.480003
65.339996
65.449997
65.559998
65.389999
64.910004
64.669998
63.290001
62.759998
63.099998
62.84
63.060001
63.110001
62.880001
62.77
64
64.389999
65.849998
66.209999
66.32
65.769997
65.400002
66.529999
67.239998
66.699997
69.050003
68.349998
68.349998
69.32
71.120003
71.699997
71.169998
71.050003
70.190002
70.470001
70.059998
70.059998
69.949997
70.199997
70.43
70.360001
70.010002
70.599998
69.610001
68.900002
69.849998
70.019997
69.330002
70.830002
71.620003
71.639999
71.330002
71.360001
71.82
71.57
72.519997
72.5
71.089996
71.300003
71.93
71.330002
69.529999
69.940002
72.269997
71.57
73.959999
74.099998
74.089996
75
74.230003
74.650002
73.919998
75.029999
75.879997
75.410004
75.5
75.239998
74
74.459999
74.269997
74.190002
72.730003
73.220001
73.760002
72.629997
72.410004
72.419998
73.099998
73.900002
73.720001
73.269997
73.07
75.230003
75.599998
74.760002
74.699997
73.470001
73.75
75.410004
74.269997
74.599998
75.129997
73.279999
74.93
76.400002
75.949997
75.25
75.040001
75.699997
75.949997
74.480003
73.800003
72.220001
72
73.099998
73.099998
73.910004
74.129997
74.099998
74.360001
74.440002
74.639999
75
74.559998
73.639999
72.459999
73.690002
72.360001
71.370003
71.629997
72.629997
74.650002
72.269997
72.379997
70.599998
72.029999
71.010002
71.279999
73.32
72.43
72.110001
71.489998
71
70.75
71.720001
72.339996
72.879997
72.190002
71.5
70.839996
71.25
70.809998
70.370003
70.860001
70.169998
68.720001
69.809998
70.610001
71.300003
71.089996
71.239998
71.410004
70.43
70.5
70.82
70.669998
70.949997
71.080002
72
73.599998
74
74.589996
77.559998
77.339996
77.839996
78.779999
80.370003
80
80.410004
80.599998
81.639999
82.139999
81.800003
81.269997
79.440002
78.839996
77.989998
78.160004
77.199997
77.07
80.790001
81.139999
80.720001
80.720001
81.290001
83.25
83.470001
85.809998
86.559998
84.709999
87.75
87.379997
86.410004
87.169998
86.620003
86.400002
85.459999
84.07
83.720001
83.25
83.540001
85.5
85.489998
84.879997
85.199997
86.019997
85.330002
85.889999
85.800003
85.690002
86.830002
87.290001
87.290001
85.309998
87.870003
88.57
88.860001
88.019997
87.769997
85.93
87.230003
86.25
85.339996
85.25
86.529999
85.669998
84.800003
84.919998
84.550003
85.239998
83.900002
83
82.75
84.120003
85.82
85.599998
86.620003
86.879997
90.269997
90.019997
90.400002
90
89.970001
89.739998
90.400002
92.790001
93.25
92.099998
90.5
88
89.559998
90.419998
89.800003
92.5
91.169998
87.970001
86.599998
85.010002
88.400002
85.510002
83.540001
82.519997
83.150002
84.169998
92.82
95.529999
94.889999
96.989998
97.660004
97.699997
98.300003
98.940002
98.709999
98.339996
97.099998
93.949997
95.75
96.120003
95.720001
97.089996
98.330002
95.870003
95.660004
95.25
96.839996
96
94.43
96.43
95.510002
94.629997
92.919998
92.879997
95.099998
93.980003
93.800003
93.599998
92.809998
94.870003
94.400002
94.400002
95.419998
92.43
92.959999
91.5
90.379997
93.080002
94.599998
94.239998
94.169998
96.160004
96.709999
94.970001
95.5
96.93
97.400002
98.07
98.059998
98.690002
100.419998
100.239998
99.160004
99.629997
99.449997
97.080002
96.25
96.389999
97.980003
97.839996
100.82
100.660004
98.959999
98.349998
98.209999
97.199997
97.32
96.730003
97.309998
99.389999
99.559998
98.980003
100
99.650002
100.900002
100.900002
100.480003
100.18
104.559998
103.599998
101.900002
100.339996
99.879997
98.589996
100.639999
96.860001
96.480003
99.099998
98.120003
100.260002
97.709999
97.760002
98
97.739998
98.5
99.400002
103.339996
103.139999
105.139999
107.400002
106.940002
107.660004
107.199997
107.080002
105.760002
105.419998
105.980003
104.900002
109.620003
109.199997
107.080002
106
106.599998
106.480003
107.760002
107.82
109
107.900002
108.660004
107.519997
108.099998
108
105.220001
107.559998
107.720001
107.879997
107.459999
107.32
107.739998
107.5
108
108.959999
110.059998
108.980003
106.260002
107.5
105.160004
103
104.279999
104.839996
104.800003
106.760002
106.699997
105.639999
106.199997
106.300003
104.940002
106.360001
106.459999
106.800003
105.980003
105.080002
108.480003
108.900002
108.18
107.400002
105.68
107.059998
105.260002
104
103.620003
102.5
98.989998
97.330002
100.260002
97.809998
101.720001
100.860001
99.309998
97.949997
96.309998
94.139999
95.309998
97.940002
96.150002
95.830002
93.900002
97.709999
96.5
95.610001
95.379997
95.849998
96.089996
95.650002
94.68
94.389999
96.419998
95.529999
93.860001
92.889999
92.57
91.07
93.169998
92.330002
93.410004
93.580002
93.699997
93.5
94.860001
94.620003
95.699997
94.269997
92.309998
88.639999
89.07
87.489998
88.599998
91.480003
89.970001
88.669998
87.650002
88.650002
87.199997
83.330002
83.099998
81.629997
82.099998
83.760002
83.959999
84.169998
81.209999
85.120003
83.559998
86.650002
89.68
89.610001
88.379997
89.910004
92.309998
92.540001
91.760002
93.660004
94.5
94.75
93.809998
95.919998
96.510002
95.419998
96.050003
99
100.220001
101.120003
101.400002
102
102.080002
99.830002
99.940002
102
102.779999
104.379997
107.18
110.980003
111.260002
111.139999
111.120003
111.360001
113.699997
113.339996
113.120003
113.459999
113.599998
113.900002
114.019997
113.239998
113.720001
112.739998
111.519997
112.959999
114.580002
116.879997
117
117.68
118
119
117.860001
118.559998
114.599998
114.040001
116.339996
115.480003
116.260002
117.900002
117.760002
117.220001
118.540001
117.82
118.68
120.739998
118.5
116.5
117.5
118.599998
117.239998
117.919998
119.040001
120.239998
