344.48999
346
359
349.5
342
342
342
347
362
360
371
400
410
413.769989
413
392.869995
387.899994
394
395.209991
404
408
410
412.200012
420
398
397.709991
404
403
415
419
430.579987
430
419.470001
423.26001
null
425.269989
423
427.290009
416.75
407.179993
393.98999
393.98999
393
389.079987
384.660004
379.980011
384.98999
390.369995
383
383.649994
380.5
388
383.320007
380
380
377
381
396.73999
411
420.570007
414
412
418.950012
412.820007
411
415.970001
413
423.070007
411
389
402.579987
395
405.5
406
397.75
397.73999
415
420
429
420
406
412
408
406
405
407
400.799988
401
407.48999
396
400
397.75
400
405.100006
400.200012
400
400.01001
397.75
410
415
405
406.299988
414
414
408
415
411
410.899994
405
414
413.5
null
411
406.51001
407
404.630005
402
400.899994
400.769989
401
403.149994
408
407.480011
405.200012
407
405
400
394.160004
395.25
396
397.799988
400
410
417.5
419
418.049988
419.98999
411
408.079987
410
409.579987
420.570007
417.950012
424.5
422.26001
420
431
450
449.299988
448.450012
452.720001
463
460
469.970001
473
473.5
460.959991
459.51001
450
470
468.5
466
470.51001
472
468
471
459.899994
460.440002
476
475
469.399994
460
470
479
480
480.01001
492
496.320007
498
524.5
551
566
535.099976
562
558
578
570.5
576.5
569
565
568.650024
567.450012
564
550.099976
572
569.75
562
565
565.049988
576.650024
571.5
569.5
564.099976
555.5
548.75
553.900024
557.349976
552.25
560.150024
566.799988
553.349976
572.400024
567
562.349976
560.700012
551.299988
559.799988
561
556.549988
553.099976
557.950012
562
570
575.950012
571.450012
577
586
580
595.200012
590.5
590.849976
596.400024
597.5
593
594.349976
585.5
570.099976
586.900024
585.900024
582
579
577.099976
570
562
579.200012
578.849976
583.950012
576.900024
579
583.150024
581.900024
579.049988
579
581.5
573.049988
580
580
575
561
557
560
564
567
558
572.5
558.5
547
540
538.049988
537.650024
540.400024
538.299988
538
538.049988
539.200012
500
514.650024
514.700012
504.600006
517
529.849976
534.25
532.900024
535.799988
535.900024
537.900024
543.5
545.900024
555
569.75
560
560.150024
562.299988
556.5
556.049988
558
540.049988
564
565
565.150024
565.099976
565.049988
568.099976
560
559.599976
568.150024
567
567
565.049988
565.049988
572
571.950012
568.950012
571
569
570.450012
567
567
567
563
560
555.5
573.809998
578
577.950012
590
585.049988
611
610.950012
613.280029
614.690002
613.650024
615.690002
617
613
603
602
580
576
582.5
580.48999
573.070007
578
574.909973
577.059998
586.140015
584.849976
570
576
577.090027
577.090027
574
576.890015
571.909973
580
584.849976
596
600
610
605
601
598
608
608.25
603.219971
599.710022
610
612.700012
620
618
607
610.23999
590.059998
607
603.929993
610
612
619.830017
608.719971
612
618.5
619.950012
617
617.130005
611.210022
611
610
620
618
617.5
619.900024
619.900024
620
620
624
626.900024
618
617
620
623
623
618.679993
615.030029
614.02002
613.169983
613.02002
620
619.309998
619.289978
619
612
608.070007
610.5
610.5
620
629.97998
624
626
629
630
635
635
639.900024
638.840027
628
636.849976
626.349976
624.140015
631
631
635
633
636.01001
650
641
649.900024
646
624.099976
624
629.27002
626
630
629.200012
625
627.950012
624.150024
630
640
628
631.559998
629.349976
635
645.48999
645
645
634
638.640015
630.099976
625.72998
640.530029
633
635
633.140015
642.570007
635.359985
631.099976
634
635.5
635
630
630.599976
626
626
625.320007
630
625.630005
630
635
626.799988
631.919983
628
628
646.450012
642
640
635
613
566.840027
608
605
600.159973
598
599.25
613
617
618.830017
620
625.01001
620
615
610
605
611
616.5
607.900024
610.710022
618.650024
607.710022
618
619
615
610.23999
614.950012
608.799988
620.609985
620
625
628.299988
637.950012
633
630
629.549988
630
640
638.47998
630
622.099976
621.099976
618
618.200012
617.599976
618.460022
610.109985
591.200012
591.099976
591.099976
590.349976
591.150024
592
605
608
618.159973
617.400024
606
619
612
619
605
596.049988
596.609985
597
580
598.849976
590
589
575
580.150024
587
586.25
581.299988
585
570
575.75
null
576
576
590
589
589
580
585
580
580.5
590
590
590
590
600
612.119995
590
580.5
583
588
597.890015
595
575
575
533.169983
515
542
565.419983
568.340027
577.359985
595
559.049988
576.849976
546.75
554.599976
534.969971
553.73999
574
550
550
534.659973
543.799988
560
550.669983
558.090027
540.400024
545
544.789978
549.409973
555
540
534
540
535
535.5
534
534
534
525
525
530
535
534
534
525
505
501
535.679993
536.690002
540
549.679993
530.130005
530.130005
535
532
530
534.460022
524.169983
523.5
513
525.01001
525.150024
516.320007
550
548.099976
559
550
543.630005
560
541.219971
563
544.590027
543.929993
540
545
566
546
548.140015
548.140015
547.47998
541
537.179993
533.01001
528.099976
510
523.090027
522
528.099976
530
536.609985
552
538.700012
538.700012
555
525.98999
528.512024
534.968994
557
525.104004
519.901978
530.044006
551
538.700012
533.97699
529.737
533.97699
541
545
543.927979
539.76001
530.060974
540
537.5
540
541
540
540.5
542.700012
544
551
547.5
542
542
547
540
541.450012
541.599976
546
539.679993
542
555
547.900024
551.099976
566
564.5
576.5
611
598
580
580.099976
580
583.299988
585
597
599.5
594.195007
587.5
581.700012
595
590.911011
586.939026
591
592.843018
604.5
590.174988
601.5
591
595.13501
597
597
597.909973
596.5
591.465027
590
591.143005
585.609009
584.47699
584.424988
584.47699
586
586
587
587
592.820007
587
593.369019
593.369019
580.122986
580.122986
580.122986
592.052002
592.052002
592.052002
583.70697
580
585.481018
575
581.939026
583
577.994995
580.622986
580
589.400024
583.242004
588.685974
584.862
583.286011
585
577
580.619995
577.994995
579
579
563.708984
571
562.14502
562.590027
563.726013
565.622986
560.744995
555
551.409973
548.25
540
532.382996
544.825012
544.299988
550
529.84198
531.723022
540.90802
547.320984
560
550.622986
558
550.617004
550.617004
550.375
546.744995
535
536.419983
531.932983
542.5
534.203979
535.859009
542.119019
543
542
543
543
539.5
540.36499
545
542.5
542.5
540.622986
545.622986
539.870972
529
535.502991
526.575012
528.721985
538
536.937012
530.849976
530
531.901001
536.466003
531.499023
512.901978
526.775024
540.622986
544
540
533.473999
531.434021
533.755005
529.695007
531.973999
531.265991
521.408997
528
521.075012
521.296997
516.599976
518.914978
529
515.049988
519.088989
518.586975
509
513
520.166016
520.200012
515.682007
522.375
509.899994
512.122009
513.211975
519
516
530
525
516.687012
518
522
520.099976
518.336975
520.294006
519.25
525
512.869995
514
525
520
517.638
518
516.280029
518
518.411011
516.280029
518.554993
535
513.624023
520.609009
516.046021
516.302002
516.689026
516.158997
507.506012
513.914978
515.713989
514.302979
516
513.049988
511.019989
517
508.502014
508
508.299988
508
510.125
514
507.029999
515.125
510
511.751007
507.790009
515
515
510.622986
515.125
510.247986
510.390015
516
514.747009
523.286987
525.802979
524.747009
539
541.249023
538
536.416016
542
536.129028
523.111023
524.715027
527
528
535.617981
550
551.060974
550.312012
548
553.981018
564.440979
585.617004
584.835022
592.005005
587.322998
594
591.617004
584.552002
589.848999
590.622986
588.429993
583.409973
550
575.286011
592.500977
579
583
586.499023
585.244019
587
600
588.52002
582.994995
586.633972
583.830017
582.375
588
582.994995
582
577.299988
564.237976
575
575
565.499023
560
551
557.140015
565
585
590.127991
582
589.478027
590.851013
590.562988
579.14801
580
574.119995
577.5
580
580.937012
586.499023
590.575012
578.47998
579.421021
590
580.622986
576.960999
586
581.323975
597
600
595
600.617004
595.872009
596.697021
595
589.887024
595
590.645996
595
601.825989
603.710999
587.645996
610.650024
605
610.687988
614.427002
620.369019
620.624023
621.471985
620
623.703003
626.5
626
631.200012
640.013977
644.736023
641.723022
636
625
613.049988
613.679016
613.5
617.817017
617.5
624.624023
615
630
632.767029
620
615.992004
616.518982
620.5
616.182007
615.312988
617.419006
620
610.849976
622.572998
615.661011
616.387024
616.984009
614
609
609
614.120972
623.780029
627.546021
627.5
618.580017
625.507996
620.916992
634.817993
623.018982
622.466003
628
619
627
623.512024
619
620
620.617004
623.906982
621.125
619.06897
618.721008
616.432983
621.125
620.731995
627.950012
616.799988
622.125
623.25
616.325012
616.901978
622.812988
620.630981
622.375
622.474976
620.833984
620.335999
622.419006
622.338989
620
622.200012
619.393005
619.413025
620.278992
613.973999
613
614
617
617.747986
618.684998
617
614.653015
618.164001
620
617
618.041016
623.75
614
617.070007
619.700012
623.271973
615.729004
612.296021
603.434021
613.549988
604.632019
607.481018
606.54303
608.468994
609
609.562988
617.236023
616.070984
611.106995
611.835022
614.348999
607.953979
608.5
612.911987
613.036011
618.005005
629
622.22998
621.752991
615.776978
625
617.25
620.354004
617
619.213013
631.198975
631.742981
635.26001
635.270996
644.617004
647.799011
650.755005
669.041016
665.343994
665
672.80603
669
665
682.89801
665.049988
665.025024
665.492981
660
660.5
665.76001
660.828003
657.97699
657.435974
655.25
651.215027
647.28302
649.085022
649.375
650.375
646.307007
652.713989
650.580017
650.562012
655.244019
658.5
660.942017
665.5
665.655029
658.413025
658.664978
639.533997
640.330994
643.731995
654.004028
668
650
645.380005
647
645.064026
643.554993
640
645.549988
654.838013
645.630981
645.109985
642.294006
644.30603
644.762024
640.79303
644.187988
647.950012
650.182007
645.570007
649.93103
645.838013
645.843994
649
643
640.129028
641.570984
646.711975
649.731018
646.478027
645.393982
641.419006
640
647.171021
641.419006
650.135986
655.119019
651.237
649.25
650.400024
642.179993
640.395996
641.629028
633.090027
642.711975
626
630.93103
629.5
625.101013
626.422974
617.205994
614.539978
622.924988
622.585999
620.690979
620.705017
617.94397
618.73999
620.125
627.187012
639.5
629.39502
629.557007
637
629.799988
625.580994
632
636.78302
636.362976
624.549988
630.653992
625.861023
631.5
633
640
636
633.383972
633
633
632
630
624.98999
626.369019
626.810974
626.809998
629.721008
626.580017
637
627.950012
632.294006
629.520996
625.879028
624.343994
630
628.164001
619.617004
621.557007
629.5
627.687988
624.098999
625.015991
624.419006
625.294006
625.405029
623.721985
624.95697
625.666992
625.666992
625.484009
627.400024
628.119019
626.539001
624
619.288025
622.786987
622.270996
621.935974
628
628.502014
625.666992
624
623.5
625
625.603027
632.682983
629.536987
630.369019
632
628.22998
625.474976
626.25
626.369019
619.150024
620.380005
621.02002
625
626.064026
623.419006
625.161011
624.96698
624.169006
623
623
625.461975
620.911987
610
595.830994
593.237976
610.421997
596
593.778015
590.419006
591.666992
594.926025
594.25
590.828003
592.937012
598.237976
595.961975
599.02301
600.54303
606.481018
600.580994
602.125
604
595.611023
603
600.54303
607.174011
592.369019
595.10498
600.786011
608
601.30603
601.338013
604
601.322998
601.702026
600.538025
599.687988
600.294983
600.317993
601.804016
601.195984
602.718994
604.400024
603.257996
602.784973
602
602.125
600.169006
600.169006
598
591.835999
595.08197
595
577.375
580.369019
575.849976
560
545.86499
553.997009
571
570.661011
582.916992
628.312012
629.987976
630.650024
635.666992
633.250977
637.294006
640.125
640.742981
641.419006
642.5
643.349976
643.599976
647.067017
645.200012
639.434998
640.617004
640.617004
640.929993
642.369019
641.54303
640.125
635.742004
633
640.630005
641.179993
641.215027
642
640.611023
635
643.5
642.664978
641.804016
643.241028
638.5
640.148987
644.664978
634.484009
641.190979
635.236023
635.236023
638
641.5
636
638
650
647.203003
655
651
645.260986
648.799988
650.5
635.236023
635.236023
638
651.117004
646.153992
648
654.127991
645.161011
638.710022
645
656.55603
653.002014
651.017029
646
645.349976
646
643.176025
643.176025
640.198975
650
640.39502
640.198975
646
640.39502
640.198975
635.236023
642
647.708008
641.099976
641.099976
649.5
649.484009
649
650.247009
658
660.049988
660.098999
660.627991
658.129028
672.953003
682.896973
716.072021
752.559998
750
738
753.66803
758.901978
750
747.416992
752.398987
744.61499
744.700012
761.033997
746.099976
745
746.799011
740.495972
746.799011
737.27002
734.340027
746.799011
744.46698
745.408997
740.888
743.080017
740
740
742
736
741.02002
735
735
735
738.916992
754
750
750
739.453979
742.857971
738.424011
738.91803
742.080994
743.424011
750
750.099976
750
743.721985
747.5
758
745.450012
746
747.245972
745.557983
745.557983
746.645996
746.302979
745.450012
746.401978
776.210999
769.72699
776.674988
784.119019
825.20697
830.679016
784.237
812.953003
803.969971
799.007019
784.119019
779.156006
774.19397
761.638
774.19397
782.184021
785.223022
795.942017
800
788.088989
775.411011
779.106995
790
795.236023
812.724976
804.963013
805.557983
794.044983
810
821.895996
852
840
831.900024
842
835
819.851013
827.791992
824.5
827.54303
812.809021
800
802.927979
830
832.754028
833
847
834.482971
834.484009
833.697021
834.484009
842.184021
832.513977
820.099976
815.185974
812.804016
809.926025
829
822.586975
808
814.789001
752.268005
745.598999
765
797
777.341003
797
794.044983
803.969971
794.143982
808.932983
807.940002
808.578003
794.044983
791.575989
791.414001
810.599976
808
803
805.27002
801.340027
761.064026
685
701.276978
705.280029
720.164001
690
675
665.012024
640
611.054016
596.526001
635.205017
669.52301
683.5
673.945007
674.937988
663.969971
664.02002
664.02002
655.93103
666.484009
629
641.190979
690
692.658997
687
689.776978
684.268005
692.356995
688.671021
680
685.624023
663.48999
666.947998
661.059998
663.598022
664.963013
662.049988
654.093994
660
646.153992
650.247009
650.124023
657
654
659
648.559998
668
684.228027
690.664001
690
702
702.781982
706.440002
696
688.671021
672.903015
695.135986
689.231018
689.08197
694.583008
698.005005
685.856018
681.773987
669.992981
670.000977
674.789001
675
669.974976
674.987976
673.929016
677
665.012024
676.195984
656.450012
661.39801
665.012024
679.458008
668.982971
677.833008
665.012024
653
659.304993
650
658.213013
664.825012
660.099976
657.455994
659.057007
660.099976
659.504028
660.908997
655
657.369995
646.27002
672
644
638
650.124023
622.333008
615.284973
630.421997
615
620.346985
634.775024
640
640.198975
640.752991
635.34198
641.265991
637.369995
628.109985
631.265991
644.450012
640.479004
630.372009
637.929993
629.900024
643.083008
636.562012
638.213013
634.080994
629.280029
625.508972
633.562012
633.250977
636.366028
638.213013
631.052002
632.518005
630.768982
632.492004
627.294983
632.419006
632.763977
633.085022
631.010986
635.369019
638.195007
640.093994
632
652.564026
647.145996
637.221008
641.934998
647.01001
659.987976
661.085022
649.656006
644.093018
648.137024
656.5
658.872009
654.784973
657.072021
652.067993
652.129028
655.677979
650.650024
646.755005
654.093994
648.849976
652.349976
645.161011
652.598022
650.153992
633.250977
638.56897
634.447998
633.400024
636.129028
641.242981
642.270996
647.30603
640.322021
631
632.150024
637.382996
636.796997
636.843018
620
626
624.924988
612.268005
601.388977
607.046997
598.049988
606.945984
617.369019
615.598999
610.664978
612.611023
614
604.216003
611.474976
619
613.015991
620
619.190002
625.349976
620.617004
618
620.5
629.208008
637.849976
636
633.77301
634.45697
633.903992
630.184998
629.411987
629.125
629.049988
631.078003
630.54303
631.856018
629.929993
629.377014
631.004028
629.25
630.663025
630.70697
630.875
629.25
629.5
630.044006
629.617004
628.01001
632.125
630.687988
631
632.406982
629.710999
633.875977
635.044006
636.346008
624
626.249023
629.130981
630.857971
627.473999
627.622009
620
627.648987
627.39801
626.854004
626.028015
617.25
618.299988
624
623.400024
627.008972
627.54303
625.849976
627.007996
628
619.5
620
623.380005
624
619.867981
619.656982
623.742004
622.5
623.682007
622
620
617.885986
620.27301
619.169006
619.474976
621.187988
619.349976
618.39502
617.807007
619.036987
619.778992
619.223022
621.500977
619.661011
619.223022
618.830994
620.536987
622.023987
627.742004
629.343994
630.25
631.773987
628.866028
626.023987
618
615.301025
616
615.380005
612
614
612.356018
613.002991
612.700012
612.794983
612.549988
612.5
613.093994
612.664001
612.653015
608.781982
605
609.099976
605.768005
601
606
604.633972
609.849976
604.499023
603.5
608.924988
610.487976
612.125
613.940002
628
627.255005
624.150024
621.184021
626.151001
627.888977
630.432007
626.539978
628.760986
635.026978
637.650024
641.218994
659
654.732971
656.007019
650
646.049988
648.46698
644.627991
645.049988
646.085022
647.5
645
651.322998
667
678
675
677.879028
677
677
674.375
670
669
663
661
662.177002
662.33197
668.25
665.012024
661.049988
660.448975
661.421997
660.661011
652.900024
653.130005
653
649
659
646.021973
641.015015
647.038025
646.408997
642.059998
647.78302
648.070984
647.992981
634.963013
638.119019
635.18103
637.218018
635.75
629.507019
636.255005
638.645996
634.633972
633.687012
633.5
630.349976
633.541016
628
634.234009
637.794983
646.950012
641.27301
647.5
644
634.036011
635.758972
632.125977
637.737
636.43103
640.742981
642.052979
642.898987
642.078003
642.75
643.362
643.724976
642.559998
641.846008
638.479004
637.703979
635.5
639
639.237
628.869019
631.971008
632.10498
632.841003
628
633
634
638.364014
638.200012
643.5
653.75
651.505005
652
651.987
651.987
679.328003
677.75
678
675.5
675.5
679.237976
682.390015
686.205017
680.406982
714
703
703
699.984985
708.577026
712.265991
716
711.450012
715.504028
714.616028
713.802002
716.572998
711.940979
712.799988
708
710.062988
711.599976
708.5
708.999023
707.497009
704
707.028015
706.995972
706.25
707.054016
706.484009
716.708008
717.830017
713.27301
716.195984
711.039001
710.999023
710.25
707.98999
710.874023
710.741028
690.520996
680
680.528015
680.570984
679.862
684.309998
680.231995
679
678.312988
674.044983
672.301025
684.651978
685
678.79303
672.255981
676.687988
675.721985
679.737
680.648987
674.776001
675
673.36499
675.866028
673.10498
675.192993
675.5
676.442017
687
680.60498
698
700.499023
708.927979
708.890991
710.828979
712.747986
705.624023
705.969971
705.499023
707
702.833984
702.486023
703.387024
705.033997
707.182007
704.929016
704.929016
702.025024
694.132996
697.544006
698.059998
694.901001
700.968018
695.210999
691.762024
691.913025
696.934021
702.536987
700.624023
696.54303
700.01001
697.080994
697.989014
699.223999
701.499023
705.719971
705.719971
702.963989
709.500977
716.244019
710.965027
706.359985
709.731018
706.03302
706.966003
705.817017
705.817017
705.791992
708.025024
710.185974
708.265991
710.257996
710.023987
714.062012
709.065002
711.366028
712.159973
718
721.143005
715.624023
731.078979
735.624023
730.784973
735.43103
733.369019
730.747986
727.041992
727.403015
730.125
725.742004
727.075012
732.494019
740.440002
732
737.153992
734.549988
728.762024
733
722
734
738
760
782
768
776
776
796
792
784
784
840
828
786
800
788
790
790
790
786
776
788
782
764
770
778
778
760
764
770
788
770
784
800
790
792
784
770
786
778
780
754
752
754
764
768
766
766
772
764
780
782
782
756
760
774
778
760
764
762
760
770
768
762
744
774
774
778
784
786
792
774
790
772
774
774
778
778
790
818
806
806
802
810
814
830
832
816
792
824
818
820
814
818
830
null
800
820
820
818
800
816
814
806
804
812
804
812
810
804
806
804
792
802
792
780
780
798
772
780
780
748
746
740
736
742
738
730
730
750
744
722
736
750
728
730
732
734
716
716
718
710
706
722
726
720
716
708
706
746
744
730
730
716
728
730
720
716
710
716
714
706
704
700
704
710
708
710
710
714
720
724
722
720
716
696
730
732
732
732
728
738
764
758
770
770
794
786
786
780
802
790
784
778
780
776
760
730
706
706
728
734
722
718
706
700
710
694
698
698
716
720
730
738
746
736
760
760
762
774
760
778
780
764
756
770
760
760
770
770
770
784
792
782
782
782
778
774
776
768
788
774
786
778
784
774
776
778
770
770
778
774
778
760
768
764
762
760
762
760
762
768
768
780
784
780
780
780
780
772
780
772
776
778
760
778
778
784
778
778
780
806
784
792
790
788
790
782
782
782
798
792
792
802
780
792
800
804
804
806
818
790
786
790
790
796
788
792
792
790
790
800
800
804
800
776
800
792
802
790
790
794
794
796
780
792
788
800
