25.83
26.24
26.23
27.209999
27.190001
25.985001
26.75
26.25
26.85
27.49
28.195
27.76
26.66
25.49
24.92
23.805
24.754999
24.620001
25.32
26.25
26.035
25.379999
25.055
24.879999
25.41
26.165001
25.405001
25.395
26.92
27.48
27.105
27.09
27.99
28.040001
28.155001
29.004999
29.35
29.219999
27.915001
27.725
27.16
27.299999
26.895
25.805
26
26.700001
26.584999
26.530001
27.084999
26.84
27.525
26.59
26.445
25.629999
25.48
25.045
25.6
25.83
26.68
28.09
28.629999
28.5
29.264999
28.77
30.059999
30.040001
30.58
30.860001
30.540001
30.395
31.405001
32.060001
32.43
32.915001
32.355
31.67
31.4
31.52
31.695
30.834999
31.389999
32.5
32.014999
31.295
31.309999
31.325001
31.93
32.535
32.294998
32.439999
32.610001
31.674999
32.040001
31.775
30.98
30.475
30.15
31.73
32.314999
31.995001
34.470001
34.264999
34.445
35.02
34.75
34.950001
34.215
33.810001
34.290001
34.720001
33.950001
33.790001
33.5
34.035
33.68
32.950001
32.41
31.83
31.775
32.395
32.150002
33.055
32.84
33.529999
33.195
34.035
33.580002
33.25
34.665001
35.099998
35.59
35.560001
35.939999
35.605
34.465
33.125
33.93
33.294998
33.605
31.5
32.285
32.779999
33.07
33.450001
32.700001
33.009998
33.185001
33.465
34.59
33.880001
33.889999
33.200001
32.759998
32.794998
32.325001
32.16
31.299999
32.279999
31.424999
32.125
31.655001
32.195
32.75
32.610001
32.220001
31.695
31.655001
31.719999
31.594999
31.59
32.195
32.34
31.945
31.815001
32.16
32.119999
31.799999
32.049999
31.799999
32.049999
32.310001
32.810001
33.099998
32.654999
32.169998
31.235001
31.424999
31.889999
31.629999
32.099998
32.43
31.799999
31.155001
30.700001
30.139999
30.254999
29.59
29.549999
30.959999
31.065001
31.174999
31.225
30.334999
29.92
29.610001
29.625
29.665001
29.49
29
28.65
29.405001
29.615
29.415001
30.434999
30.26
29.690001
29.485001
29.375
29.785
30.445
31.34
31.65
31.559999
32.365002
31.99
32.130001
32.264999
32.689999
32.540001
32.639999
32.755001
32.470001
32.105
32.060001
32.5
33.150002
33.375
34.040001
34.200001
34.115002
33.785
34.18
35.154999
35.41
34.799999
34.529999
34.860001
35.119999
35.349998
35.514999
35.330002
35.560001
35.310001
36.794998
36.580002
36.25
37.279999
37.82
37.060001
36.790001
36.775002
37.130001
37.380001
35.84
35.98
36.419998
35.48
37.68
38.18
39
39.52
38.619999
38.715
39.650002
37
36.18
36.025002
36.139999
35.290001
35.759998
37.205002
37.674999
37.965
38.064999
38.455002
39.220001
38.105
38.235001
37.68
38.91
40.654999
40.084999
39.755001
39.845001
39.029999
39.700001
40.705002
41.799999
41.514999
41.485001
41.360001
40.360001
41.259998
39.900002
40.064999
38.200001
37.884998
38.110001
39
39.75
38.91
39.150002
38.904999
42.130001
41.544998
42.259998
42.150002
41.355
41.07
40.919998
41.965
41.990002
42.110001
41.5
40.720001
40.715
41.310001
41.869999
43.16
43.68
44.514999
43.900002
44.305
43.345001
42.395
41.900002
41.884998
41.810001
43.099998
43.5
42.84
41.869999
41.860001
41.52
41.435001
41.685001
41.759998
41.205002
41.665001
42.91
43.595001
44.095001
44.035
43.935001
44.990002
45.400002
46.205002
46.435001
47.119999
47.25
47.349998
47.41
49.125
48.48
48.080002
48.294998
50.349998
50.150002
50.669998
51.060001
51.439999
49.299999
48.220001
49.955002
49.494999
50
50.07
49.869999
50.200001
50.07
50
49.450001
49
49.115002
49.599998
50.02
50.029999
50.720001
50.439999
49.875
49.845001
51.509998
52.959999
52.349998
51.639999
54.080002
54.060001
53.41
54.91
53.75
54.419998
55.290001
56.060001
54.619999
54.299999
56.299999
56.669998
57.689999
56.470001
59.119999
59.900002
59.25
57.740002
57.93
60.900002
63.799999
63.689999
62.810001
63.98
61.900002
60.200001
62.52
63.439999
62.470001
62.490002
62.799999
61.950001
63.150002
64.800003
64.370003
63.259998
59.220001
58.25
58.720001
58.849998
61.450001
60.740002
60.029999
59.900002
59.310001
58.470001
59.66
59.32
57.68
58.939999
58.549999
58.75
57.860001
55.509998
55.700001
55.23
56.080002
56.950001
57.310001
57.099998
56.080002
56.509998
56.470001
57.330002
56.849998
58.849998
61.59
61.290001
61.709999
63.139999
63.139999
61.98
61.66
61.040001
60.560001
60.299999
60.43
58.299999
57
58.700001
58.779999
59.669998
58
58.09
57.779999
57.740002
57.970001
58.139999
57.119999
56.299999
55.799999
54.290001
53.09
54.130001
55.299999
55.439999
54.59
55.27
57.599998
57.459999
57.360001
57.389999
58.560001
58.75
61.220001
60.41
61
60.810001
59.130001
58.540001
57.099998
56.639999
57.59
57.939999
58.119999
57.209999
58.790001
60.529999
61
61.709999
61.939999
63.18
63.669998
64.440002
63.369999
62.349998
61.360001
62.82
61.279999
62.669998
63.169998
63.209999
61.860001
61.540001
60.57
61.25
61.98
60.98
59.130001
60.279999
60.75
59.700001
60.700001
60.830002
61.48
60.610001
60.139999
60.290001
60.740002
60.32
61
62.93
62.34
62.509998
63.400002
62.380001
63.439999
64.18
63.900002
64.849998
65.389999
65.209999
67.129997
67.760002
69.099998
68.860001
68.809998
67.769997
68.82
68.790001
67.82
69.279999
68.510002
66.75
67.239998
70.18
71
72.669998
71.110001
72
71.949997
71.190002
71.580002
73.519997
72.190002
70.699997
70.25
69.82
67.709999
65.970001
65.550003
61.27
60.48
55.139999
58.630001
55.619999
57.66
59.34
59.310001
58.869999
58.759998
54.150002
52.299999
50.09
51.369999
53.57
53.82
54.049999
54.41
54.25
56.349998
56.900002
54.220001
50.869999
50.66
53.709999
53.299999
51.689999
50.900002
51.950001
55.07
56.52
57.18
56.200001
57.639999
56.09
52.990002
52.18
50.799999
53.950001
53.25
52.75
49.965
45.040001
47.395
48.904999
50.889999
52.990002
53.75
54.91
54.82
56.439999
54.5
55.080002
55.009998
54.110001
57.189999
57.880001
57.799999
57.810001
61.060001
61.810001
59.060001
56.580002
57.970001
60.610001
57.860001
58.130001
58.419998
56.84
57.610001
58.73
58.16
57.549999
55.709999
54.490002
53.549999
51.330002
50.84
49.299999
49.779999
50.32
52.939999
52.919998
55.98
55.18
55.610001
56.209999
56.07
55.669998
53.610001
53.799999
52.52
52.950001
50.25
50.740002
49.990002
50.07
52.220001
52.529999
52.740002
52.5
52.82
51.099998
51.360001
51.759998
53.16
55.290001
55.869999
56.150002
55.549999
56.84
58.720001
58.93
59.400002
58.450001
59.959999
62.040001
62.23
62.959999
63.59
63.880001
63.5
63.59
65.400002
64.599998
64.550003
65.389999
67.989998
68
69.980003
70.760002
69.360001
69
71.540001
69.870003
70.559998
70.019997
70.230003
70.400002
71.980003
72.239998
71.900002
70.949997
69.889999
70.32
69.040001
69.879997
69.43
71.489998
70.610001
70.629997
67.019997
68.269997
69.199997
70.5
71.050003
70.739998
73.449997
73.760002
73.019997
71.839996
68.220001
68.809998
67.610001
67.900002
68.669998
68.449997
67.220001
65.830002
67.43
69.209999
67.989998
66.559998
66.779999
65.080002
66.709999
68.650002
67.5
68.709999
70
69.440002
68.32
69.839996
67
67.599998
69.68
71.25
72.129997
71.809998
71.07
71.68
68.989998
70.050003
67.349998
67.699997
66.239998
67.599998
66.440002
66.169998
66.529999
62.73
61.310001
61.77
63.43
61.810001
61.98
61.900002
62.279999
64
62.009998
61.099998
58.720001
56.849998
57.200001
58.509998
59.580002
58.82
58.77
58.580002
57.810001
56.290001
55.959999
57.139999
57.93
58.07
57.580002
56.470001
54.939999
53.700001
54.52
54.16
56.93
57.41
58.939999
58.950001
59.110001
56.419998
56.389999
57.25
56.689999
55.84
57.77
57.5
57.619999
58.84
59.66
58.279999
56.639999
55.18
55.889999
57.5
59.150002
60.43
60.77
58.990002
56.459999
58.119999
59.5
60.509998
60.220001
60.169998
59.900002
59.080002
59.130001
58.98
59.950001
61.459999
61.220001
61.639999
61.389999
60.810001
60.049999
60.77
60.529999
60.209999
57.349998
57.66
57.150002
55.389999
55.049999
57.23
58.029999
58.529999
59.380001
60.560001
59.970001
62
61.689999
60.450001
61.189999
59.439999
59.790001
59.639999
58.810001
57.619999
57.639999
56.91
57.139999
57.73
59.759998
60.990002
60.049999
59.990002
59.549999
60.84
60.400002
60.459999
60.990002
61.66
62.040001
62.009998
61.48
60.459999
60.349998
60.34
60.970001
60.490002
61.509998
61.450001
63.32
65
64.489998
64.050003
64.419998
63.689999
64.230003
63.66
63.619999
63.23
62.599998
61.990002
65.110001
65.699997
66.139999
65.660004
65.779999
66.230003
66.559998
67.040001
67.910004
68.190002
67.900002
67.690002
67.93
68.660004
69.040001
69.330002
70.589996
70.980003
70.790001
71.730003
71.68
72
72.019997
72.169998
72.699997
73.459999
72.93
75.93
75.610001
75.800003
75.75
73.209999
72.160004
72.889999
73.220001
73.220001
72.480003
73.099998
74.059998
73.330002
74.279999
74.160004
74.339996
74.629997
75.849998
75.5
75.580002
74.910004
74.150002
74.480003
72.029999
71.860001
71.769997
71.739998
73.5
72.07
71.519997
72.150002
71.68
71.650002
71.370003
71.790001
70.760002
69.059998
68.790001
70.580002
69.459999
70.32
70.699997
69.199997
69.400002
71.410004
71.599998
72.019997
72.650002
72.559998
72
71.269997
70.940002
70
70.190002
69.07
70.150002
69.360001
69.589996
69.75
69.809998
69.099998
67.309998
68.349998
68.389999
67.57
66.309998
66.300003
65.900002
67.949997
69.029999
67.400002
66.440002
66.860001
65
63.93
64.839996
65.239998
66.779999
67.839996
68.889999
68.620003
69.860001
70.050003
70.739998
72.120003
71.330002
70.980003
71.029999
71.07
71.839996
72.080002
73.309998
71.93
71.400002
71.93
74.019997
73.830002
73.349998
71.480003
70.879997
71.879997
72.309998
72.419998
73.150002
73.690002
73.110001
73.300003
72.379997
71.050003
72.199997
72.489998
71.410004
70.160004
69.160004
70.029999
70.550003
69.870003
69.800003
66.43
64.360001
64.040001
65.919998
66.769997
67.290001
67.18
67.279999
66.43
66.120003
67.699997
66.199997
67.900002
69.029999
69
70.150002
70.519997
70.860001
71.099998
71.269997
72.019997
72.230003
72.129997
72.400002
73.860001
74.040001
74.160004
73.970001
74.449997
73.589996
73.010002
72.480003
72.18
71.370003
70.639999
71.68
72.300003
73.160004
73.970001
74.400002
74.360001
75.529999
75.029999
74.050003
73.699997
75.18
75.400002
75.419998
73
71.75
72.410004
71.290001
72.760002
72.230003
72.589996
76.970001
77.699997
78.169998
79.139999
80
79.550003
79.900002
80.580002
80.18
80.050003
81.440002
80.470001
80.309998
80.800003
80.370003
79.720001
80.099998
79.470001
80.910004
79.300003
79.68
79.169998
78.620003
78.800003
80.379997
80.739998
80.629997
82.949997
82.199997
81.940002
82.029999
82.099998
81.849998
82
83.559998
83.660004
82.389999
82.209999
82.690002
83.540001
82.68
83.599998
81.199997
82.160004
81.82
81.769997
82.07
81.540001
80.959999
81.599998
81.550003
83.199997
83.019997
83.279999
83.139999
83.769997
84.57
84.32
84.800003
84.730003
84.57
85.110001
83.519997
82.540001
81.580002
82.139999
82.110001
81.050003
80.580002
79.779999
79.790001
80.919998
80.440002
82.139999
83.389999
83.989998
84.550003
85.419998
85.220001
83.540001
83.980003
82.989998
83.550003
84.449997
83.860001
83.150002
84.150002
84.120003
84.959999
85.5
86.209999
86.129997
85.93
85.730003
84.639999
81.970001
80.440002
81.529999
80.830002
80.82
80.82
79.989998
80.290001
79.879997
81.440002
81.800003
82
84.449997
84.970001
85.360001
86
84.93
84.620003
85
84.43
85.220001
84.589996
83.949997
84.309998
83.800003
84.199997
81.650002
82.779999
82.480003
83.080002
81.860001
80.519997
81.209999
80.239998
80.120003
79.260002
80.080002
80.720001
86.599998
87.300003
88.400002
88.059998
89.449997
90.599998
91.279999
92.230003
91.620003
92.089996
92.650002
93.040001
93.849998
91.830002
91.419998
91.290001
90.510002
90.209999
90.139999
88.190002
90.410004
92.120003
94.019997
92.68
91.459999
89.559998
89.839996
90.339996
90.18
89.029999
88.75
88.440002
88.190002
88.300003
88.120003
88.699997
89.449997
89.25
88.110001
86.43
88.18
88
88.699997
89.339996
89.879997
91.269997
91.769997
91.360001
92.129997
92.089996
91.480003
92.019997
91.269997
92.760002
92.879997
92.580002
92.019997
91.739998
91.360001
90.760002
90.93
90.75
91.410004
92.669998
92.559998
91.5
94.099998
93.089996
92.480003
92.360001
92.620003
93.300003
93.879997
95.32
95.150002
93.910004
92.699997
92.720001
91.419998
92.07
92.830002
92.480003
95.25
94.470001
93.610001
92.480003
93.970001
94.459999
95.510002
94.300003
92.209999
91.529999
90.970001
89.339996
87.629997
88.410004
88.5
88.040001
86.199997
86.389999
88.830002
87.199997
87.830002
88.279999
86.239998
88.029999
89.019997
88.610001
89.779999
89.059998
91.129997
91.139999
90.279999
89.279999
88.599998
88.010002
87.989998
90.010002
91.540001
92.050003
91.910004
91.239998
90.330002
90
89.43
89.489998
89.269997
89.800003
90.379997
88.989998
86.769997
84.900002
86.790001
85.25
85.639999
85.209999
85.019997
84.830002
83.620003
81.980003
82.330002
81.239998
82.5
79.529999
79.440002
79.470001
77.410004
77.849998
80.57
79.610001
81.349998
82.589996
83.150002
82.290001
81.290001
82.419998
82.669998
83.029999
85.32
85.269997
82.889999
83.849998
84.379997
83.330002
83.910004
84.309998
82.709999
82.720001
83.059998
83.459999
84.43
84.75
84.900002
88.160004
89.400002
90.349998
90.480003
91.489998
91.949997
92.230003
91.809998
91.25
89.870003
92.349998
91.599998
88.900002
89.790001
90.309998
87.980003
85.010002
88.059998
87.5
90.330002
89.940002
90.019997
90.830002
91.010002
89.769997
88.010002
85.080002
85.830002
86.290001
89.389999
88.160004
88.650002
90.629997
88.779999
91.07
93.589996
94.220001
94.739998
94.919998
98.040001
102.800003
105.25
102
103.099998
102.949997
103.400002
104.25
106.300003
106.650002
106.650002
106.849998
102.5
104.699997
104.449997
106.699997
107.800003
106.599998
106.75
108.75
109.449997
111.099998
111.650002
110.650002
109.650002
112
113
114.199997
111
113
114.5
115.300003
114.349998
113.699997
119.349998
118.550003
119.949997
122.599998
121
115.900002
116.599998
116.75
113.75
115.099998
114.150002
116.449997
116.099998
118
116.449997
115.5
114.949997
114.900002
113.25
116.199997
117.349998
116.25
115.150002
115.400002
112.900002
110.400002
111.699997
112
110
110.25
110.449997
113
109.849998
106.349998
106.099998
106.75
106.5
104.099998
104.599998
109.5
109.300003
106.349998
104.900002
104.599998
102
103.349998
107.150002
106.449997
105.349998
104.800003
103.599998
104.900002
103.050003
100.699997
100.75
100.199997
101.25
100.300003
99.589996
97.370003
98.040001
100.800003
101.25
99.919998
98.589996
98.349998
97.010002
97.879997
97.739998
102.300003
104.349998
103.25
103.699997
103.5
99.300003
98.18
100.5
99.199997
98.900002
97.260002
93.900002
92.089996
93.989998
95.199997
94.970001
94.669998
93.550003
95.739998
95.580002
95.610001
95.139999
94.129997
93.690002
91.639999
89.080002
90.18
89.480003
89.860001
91.300003
92.059998
90.879997
92.970001
92.18
92.879997
93.400002
89.419998
86.089996
86.190002
86.150002
86.629997
85.870003
83.870003
82
80.129997
76.93
81.82
80.620003
82.949997
82.940002
82.220001
80.099998
79.550003
82.160004
80.32
80.940002
84.040001
85.540001
86.059998
85.529999
85.339996
87.230003
87.419998
88.260002
85.709999
84.400002
79.32
79.790001
75.68
78.889999
76.589996
76.370003
79.220001
78.330002
78.209999
81.169998
82.220001
85.739998
86.199997
87.800003
89.25
88.110001
86.739998
87.010002
86.739998
87.690002
87.279999
88
90.349998
93.290001
92.910004
92.379997
92.970001
93.339996
93.360001
94.360001
93.57
92.449997
92.779999
96.029999
94.959999
95.93
96.18
94.459999
94.540001
94.709999
97.260002
97.449997
98.730003
99.169998
98.449997
96.760002
99.5
100.849998
101.5
103.300003
103.300003
102.650002
98.339996
98.169998
99.989998
97.199997
97.139999
97.269997
94.110001
91.900002
94.690002
95.489998
98.720001
96.709999
95.5
96.349998
98.550003
98.550003
97.349998
98.559998
97.629997
92.25
91.82
88.779999
85.440002
83.440002
83.139999
84.849998
82.889999
80.110001
78.019997
78.099998
78.860001
76.769997
78.699997
79.709999
78.919998
79.400002
79.959999
77.620003
76.660004
75.470001
74.029999
72.699997
71.489998
72.410004
69.300003
67.830002
69.080002
67.18
70.260002
73.080002
72.82
75.389999
75.349998
73.830002
75.199997
73.139999
70.199997
71.300003
73.889999
75.150002
78.309998
80.43
81.150002
82.629997
81.870003
80.019997
78.540001
75.419998
78.720001
80.230003
79.559998
82.629997
81.019997
81.580002
81.199997
81.379997
81.059998
79.580002
80.449997
82.110001
80.699997
78
77.540001
74.629997
75
73.849998
74.300003
74.790001
75.349998
78
79.199997
78.370003
80.410004
83.07
84.019997
84.150002
82.779999
81.940002
82.599998
83.360001
83.940002
80.5
81.120003
78.029999
76.449997
75.529999
75.690002
76.519997
78.010002
76.900002
75.720001
73.769997
71.559998
70.989998
70.660004
71.699997
70.82
72.139999
73.860001
75.449997
75.160004
75.760002
75.889999
73.93
74.050003
72.269997
72.239998
73.830002
73
71.839996
70.699997
69.339996
67.599998
68.559998
68.300003
68.970001
72.239998
72.639999
72.470001
74.25
68.660004
65.669998
65.830002
65.879997
65.790001
67.790001
66.790001
65.209999
65.099998
65.599998
68.440002
70.040001
73.309998
72.980003
74.739998
74.660004
74.910004
73.580002
75.389999
75.980003
75.5
76.139999
76.779999
78.360001
75.970001
77.050003
77.129997
75.410004
75.809998
75.839996
77.919998
77.629997
80.290001
80.190002
80.370003
79.629997
80.5
79.489998
78.550003
78.839996
77.32
76.949997
77.480003
77.510002
76.220001
77.230003
76.879997
78.459999
78.010002
77.93
78.57
78.239998
77.550003
78.239998
77.440002
76.93
75.580002
75.410004
75.099998
75.300003
73.419998
73.970001
74.089996
74.360001
76.279999
75.589996
73.730003
73.18
73.68
73.699997
74.809998
77.290001
78.18
78.300003
77.410004
78.089996
77.660004
77
75.940002
76.839996
76.339996
77.010002
78.019997
79.169998
78.629997
79.589996
79.629997
80.07
79.919998
80.169998
79.370003
78.32
75.400002
75.230003
75.459999
77.199997
77.309998
76.839996
76.779999
80.110001
80.879997
81.529999
80.739998
80.419998
81
82.370003
83.300003
82.239998
82.510002
82.790001
82.059998
81.199997
80.410004
80.07
79.82
82.400002
83.370003
86.32
88.989998
88.769997
88.089996
88.900002
89.050003
89.75
90
90.110001
90.25
90.07
89.669998
89.959999
89.699997
89.849998
88.519997
88.75
89.980003
90.830002
90.18
90.339996
90.510002
89.830002
89.910004
90.129997
87.459999
87.809998
86.529999
86.470001
87
86.589996
87.150002
86.260002
87.330002
88.800003
88.129997
87.410004
86.290001
84.169998
84.620003
84.199997
84.029999
82.940002
82.779999
83.489998
84.790001
85.07
86.690002
86.300003
86.18
85.449997
85.029999
85.07
86.529999
86.809998
85.760002
84.25
84.519997
84.370003
86.669998
87.18
87
86.349998
86.32
86.650002
84.43
83.540001
83.889999
83.400002
83.190002
83.68
82.889999
82.5
82.93
82.739998
83.080002
83.68
83.480003
84.480003
84.809998
85.580002
85.510002
84.870003
83.949997
83.239998
82.949997
82.790001
82.709999
82.629997
83.389999
82.830002
82.440002
83.980003
84.080002
84.93
87.43
87.769997
88.660004
87.699997
87.650002
87.709999
86.900002
87.300003
89.099998
89.889999
89.529999
90.519997
90.139999
87.239998
87.349998
86.690002
86.43
85.190002
86.18
85.900002
86.269997
85.769997
85.239998
84.309998
84.559998
84.239998
83.290001
84.919998
85.93
85.93
84.830002
84.599998
84.110001
84.43
84.900002
85.059998
84.110001
83.419998
83.360001
84
83.650002
83.599998
84.169998
83.599998
83.489998
82.860001
83.68
82.720001
81.279999
82.980003
82.279999
81.529999
81.440002
81.379997
81.620003
83.010002
84.199997
84.360001
83.739998
83.650002
83.279999
83.279999
83.370003
81.190002
78.940002
79.43
79.110001
78.5
77.849998
77.709999
78.889999
78.860001
79.379997
81.349998
81
80.790001
80.07
80.050003
79.949997
80.199997
80
80.139999
79.809998
79.540001
78.970001
79.379997
79.110001
79.790001
79.290001
79.209999
78.32
78.370003
78
79
79.129997
80.5
81.760002
82.650002
82.519997
82.849998
83.599998
84.07
84.370003
84.830002
84.620003
84.709999
84.459999
85.139999
85.089996
84.779999
84.889999
84.970001
84.419998
85.830002
86.160004
86.160004
88.480003
88.709999
89.050003
88.870003
88.419998
88.389999
87.82
87.269997
87.080002
87.440002
88.199997
87.410004
86.300003
86.010002
86.419998
85.459999
86.279999
87.220001
87.5
87.5
89.339996
89.870003
89.57
89.970001
87.419998
87.239998
86.93
86.339996
86.199997
86.120003
85.300003
85.330002
84.93
85.18
86.779999
86.580002
86.339996
86.379997
85.690002
84.949997
84.730003
84.68
83.57
85.330002
85.459999
85.059998
84.849998
85.480003
85.489998
86
85.709999
86.18
85.949997
86.959999
87.099998
86.93
87.839996
87.519997
87.260002
87.139999
86.830002
86.400002
86.860001
87.480003
88.5
89.669998
90.199997
89.400002
88.690002
89.809998
89.790001
92.639999
92.349998
93.07
94.68
96.260002
95.279999
94.349998
93.25
93.830002
93.540001
92.639999
91.970001
91.5
90.18
89.339996
88.129997
89.099998
87.529999
86.639999
87.309998
86.720001
88
87.43
88.120003
87.279999
86.800003
86.769997
87.220001
87.050003
87.75
87.699997
86.82
85.300003
83.970001
83.489998
84.160004
84.860001
84.970001
85.129997
85.709999
84.629997
84.169998
85.120003
85.860001
85.169998
85.989998
86.099998
85.330002
84.18
85.209999
85.809998
85.559998
88.150002
88.68
87.410004
88.699997
88.970001
88.339996
89.989998
89.870003
89.93
91.330002
90.660004
91.220001
90.800003
90.879997
91.019997
91.199997
91.129997
89.269997
90.389999
91.5
92.470001
93.089996
92.160004
91.559998
91.559998
91.940002
91.959999
92.360001
92.18
91.830002
92.169998
92.160004
93.300003
88.57
88.57
90.830002
89
87.5
87.449997
87.220001
86.080002
86.199997
85.379997
85.879997
86.199997
86.589996
87
86.629997
85.639999
85.379997
85.300003
84.68
86.269997
85.739998
84.75
84.059998
83.68
81.220001
80.309998
78.849998
78.449997
78.610001
77.559998
77.629997
77.730003
77.699997
77.769997
80.660004
80.199997
80.209999
80.010002
78.870003
79.370003
79.620003
79.290001
80.010002
80.800003
80.75
79.279999
79.93
81.529999
79.860001
83.389999
82.910004
82.970001
82.690002
81.5
81.18
82.339996
83.510002
84.050003
84.480003
84.809998
83.580002
83.290001
82.449997
81.309998
81.800003
81.410004
81.75
82.93
82.290001
81.080002
81.290001
83.190002
84.389999
84.230003
84.599998
83.410004
82.790001
81.879997
81.25
80.730003
81.07
81.099998
80.760002
81.32
82.470001
82.93
82.540001
82.669998
83.540001
85.32
85.769997
83.5
79
79.029999
79
77.709999
78.139999
78.699997
78.260002
77.68
76.870003
76.389999
75.349998
74.300003
74.489998
75.209999
75.75
75.239998
75.129997
74.639999
74.440002
73.5
72.690002
74.5
75.019997
76.400002
76.339996
76.230003
76.790001
77.739998
77.230003
76.919998
74.260002
73.860001
73.360001
72.529999
73.900002
74.660004
74.199997
73.739998
74.18
73.690002
74.32
73.620003
73.489998
74.870003
73.870003
73.739998
72.849998
72.209999
75.660004
74.43
74.160004
72.07
71.709999
70.099998
71.379997
72.769997
74.18
74.269997
74
73.470001
73.449997
71.839996
71.93
69.860001
70.699997
69.739998
69.050003
71.709999
72.120003
72.209999
72.949997
72.529999
71.830002
71.589996
71.620003
71.529999
71.260002
73.339996
73.029999
72.730003
72.230003
73.120003
74.349998
73.980003
73.849998
73.330002
73.459999
74.139999
73.239998
73.610001
73.650002
71.220001
69.529999
69.410004
69.910004
70.389999
69.349998
70.769997
70.589996
71.040001
72.510002
73.120003
73.129997
73.699997
74
74.239998
74.309998
74.75
74.669998
75.059998
74.529999
73.089996
72.160004
73.18
73.099998
73.629997
73.779999
74.089996
74.169998
75.720001
71.980003
71.150002
69.599998
68.919998
67.910004
68.230003
67.889999
68.75
69.699997
71.25
72.580002
73.339996
73.790001
73.57
73.199997
73.190002
73.510002
75.290001
75.650002
76.400002
77.25
77.75
