45.4771
48.062977
48.473282
50.791985
53.120228
52.938931
50.467556
51.889313
50.028625
50.696564
54.456108
52.337788
53.454197
50.667938
55.667938
53.835876
53.101147
49.188931
51.125954
51.545803
56.440838
58.511452
59.847328
61.488548
62.395039
64.971375
62.347328
62.853054
64.513359
66.087784
65.706108
62.166031
64.694656
63.893131
62.900764
62.700382
62.519085
64.255722
63.35878
58.606869
58.139313
57.11832
58.854961
58.578243
53.177483
54.103054
56.20229
58.463741
58.893131
59.751907
58.206108
57.624046
55.562977
55.715649
55.353054
55.238548
58.578243
58.32061
62.003819
61.937023
65.333969
65.82061
65.143127
67.022903
66.593513
66.555344
68.988548
69.57061
70.496185
63.282444
62.89122
62.471375
61.927483
64.580154
63.912212
63.454197
61.660305
63.158398
63.769085
61.421757
61.946564
64.14122
62.824429
60.553436
62.54771
62.166031
63.330154
65.772903
66.660309
66.727097
66.60305
66.259544
66.183205
64.484734
61.288166
62.127861
64.036263
66.517174
67.194656
67.977097
70.028625
69.188934
69.274811
69.818703
73.034348
74.227097
73.520996
71.946564
74.10305
74.160309
72.099236
72.261452
74.417938
74.236641
73.253815
69.656487
69.427483
71.412216
73.540077
74.036263
75.076332
75
76.517174
76.421753
80.085876
80.877861
78.158394
79.513359
78.272903
75.734734
76.917938
75.572517
71.660309
70.648857
67.528625
73.578247
68.349236
69.131676
67.53817
67.624046
68.940842
68.540077
71.793892
71.803436
72.175575
70.706108
71.774811
73.931297
73.730919
74.045799
71.956108
70.019081
72.395035
71.259544
71.774811
67.977097
69.751907
71.259544
70.238548
69.417938
70.324425
69.150764
67.480919
66.994278
67.480919
66.812981
69.417938
68.28244
72.337784
69.389313
68.692749
69.312981
68.692749
68.759544
69.274811
69.522903
69.255722
68.215652
67.662216
69.875954
71.21183
69.980919
70.772903
73.330154
72.919846
70.706108
70.324425
69.942749
66.536263
67.480919
65.534348
62.595421
59.293892
60.954197
58.959923
59.742367
58.673664
58.177483
60.543892
62.404579
61.145039
56.870228
56.812977
55.248093
59.370228
59.866413
58.969467
57.795803
60.85878
60.534351
61.812977
61.956108
61.927483
59.169846
60.190838
59.790077
60.591602
61.364502
61.870228
63.511452
64.408394
66.230919
66.21183
66.793892
67.433205
68.28244
69.122139
68.874046
71.183205
71.870232
70.706108
70
70.047707
70.677483
70.324425
71.459923
73.931297
75.028625
74.446564
73.349236
74.856873
75.639313
74.723282
72.862595
72.566795
74.666031
75.219467
75.066795
77.843513
77.977097
70.772903
70.200378
71.335876
70.687019
69.303436
68.797707
69.809158
65.553436
66.498093
68.062981
65.534348
66.154579
63.024811
61.078243
56.374046
56.440838
62.54771
61.307251
62.051525
60.009541
58.082062
58.435116
56.431297
57.690838
55.82061
57.433205
55.333969
56.097328
54.580154
59.188931
56.841602
55.143131
56.746181
56.402672
52.795803
51.803436
53.177483
52.938931
55.04771
55.90649
55.706108
58.998093
58.807251
59.417938
59.14122
58.606869
57.204197
57.280533
55.7729
56.288166
56.307251
53.396946
53.587788
54.599236
53.912212
54.732826
58.225189
59.904579
60.085876
59.389313
60.982826
61.173664
60.963741
58.425571
58.606869
59.055344
57.652672
61.326336
61.583969
63.148853
64.942749
65.706108
66.812981
67.022903
69.417938
70.524811
70.295799
70.791985
71.078247
70.811066
69.675575
65.648857
64.875954
64.055344
63.778625
64.694656
64.513359
62.671757
61.965649
61.564884
60.639313
60.782444
59.923664
61.183205
59.65649
59.809162
61.917938
60.648853
61.650764
59.65649
59.122139
57.242367
57.729008
59.465649
60.629772
60.229008
58.759541
57.480915
58.645039
57.051525
52.805344
51.812977
53.158398
52.404579
52.080154
50.830154
52.414124
52.595421
51.755726
53.950382
54.60878
54.036259
53.874046
53.587788
53.339695
55.066795
54.856869
54.074429
55.725189
54.923664
56.354961
55.667938
56.001907
55.458015
54.818703
54.904579
55.267174
55.229008
54.09351
55.085876
55.04771
56.67939
56.278625
55.725189
54.780533
54.13168
52.9771
52.700382
52.671757
51.870228
52.07061
53.339695
52.958015
51.832062
49.837788
49.770992
48.234734
47.089695
45.763359
47.566795
48.998093
49.809162
48.40649
48.129772
49.036259
49.856869
50.505726
51.164124
51.001907
49.599236
50.028625
50.057251
49.417938
49.666031
49.57061
49.541985
49.494274
49.408398
49.704197
49.360687
49.666031
50.295803
51.20229
52.480915
51.669846
50.4771
49.990459
50.124046
52.833969
54.236641
55.305344
55.543892
55.486641
56.183205
57.709923
57.919846
57.280533
56.583969
57.433205
56.20229
55.86832
58.330154
57.986641
59.064884
59.961834
60.601147
61.240459
61.345421
59.742367
60.124046
59.274811
60.229008
62.624046
62.166031
62.45229
59.961834
60.133587
60.124046
61.040077
61.240459
59.742367
60.629772
61.517174
59.942749
59.150764
59.09351
58.234734
56.555344
56.917938
57.318703
55.057251
52.786259
54.351147
54.494274
55.973282
55.753819
55.124046
56.29771
55.448475
55.706108
55.82061
56.564884
56.364502
57.700382
57.099236
56.784351
57.576336
58.148853
58.79771
58.587788
58.215649
58.568703
57.795803
56.574429
54.599236
54.875954
55.648853
56.870228
56.984734
58.120228
59.160305
62.290077
62.328243
62.15649
61.059162
60.849236
59.083969
57.814884
57.938931
59.198475
57.795803
58.377861
56.459923
56.307251
57.146946
57.480915
58.024811
55.753819
54.685116
54.341602
55.305344
55.610687
55.629772
57.013359
55.601147
55.801525
56.889313
55.095421
55.877861
54.694656
55.200382
54.437023
54.465649
55.324429
53.339695
53.549618
54.971375
54.770992
56.67939
55.877861
55.238548
53.301525
53.454197
54.685116
55.534351
56.526718
58.263359
56.698475
55.7729
55.963741
54.513359
51.164124
50.486641
50.677483
50.438931
50.104961
48.454197
49.694656
51.030533
53.349236
52.88168
53.053436
53.005726
51.307251
51.688931
52.45229
50.677483
48.330154
49.160305
44.60878
45.992367
41.421757
43.559162
38.511452
40.562977
40.677483
43.167938
41.374046
40.935116
38.072517
36.67939
36.192749
37.375954
37.767174
37.127861
36.421757
38.645039
37.872139
38.616413
36.832062
34.60878
32.041985
33.492367
32.54771
29.713741
28.549618
30.505726
31.335878
33.721375
33.225189
31.708015
31.48855
29.828245
28.234734
29.904581
33.540077
35.543892
34.074429
36.307251
33.024811
31.326336
32.872139
34.284351
35.305344
33.540077
35.982826
36.440838
38.559162
36.746181
36.488548
34.370228
36.173664
35.4771
34.780533
36.946564
37.795803
37.633587
38.2729
45.143131
44.65649
39.513359
36.736641
37.309162
39.160305
37.15649
37.595421
38.692749
34.475189
35.763359
37.948475
36.755726
36.364502
35.410305
34.379772
34.895039
33.110687
32.051525
30.973282
30.858778
33.568703
33.912212
37.480915
37.137405
38.167938
38.282444
38.158398
38.501907
35.515266
37.786259
35.562977
34.045803
33.864502
34.09351
33.730915
33.463741
36.125954
35.715649
36.832062
37.309162
36.898853
35.486641
36.469467
36.125954
38.005726
36.860687
34.57061
32.690838
32.099236
33.559162
34.236641
35.305344
35.038166
35.839695
37.213741
40.085876
40.553436
41.459923
40.791985
41.63168
41.412212
42.404579
40.687023
40.734734
42.480915
42.242367
42.92939
42.166031
42.786259
44.14122
44.284351
42.10878
42.5
41.259541
40.982826
42.089695
42.54771
42.15649
41.708015
42.719467
44.666031
44.561069
44.990459
44.599236
45.715649
44.980915
44.484734
41.583969
42.84351
45.009541
44.074429
44.847328
46.803436
47.480915
48.158398
48.70229
49.666031
49.083969
48.587788
47.89122
48.597328
49.770992
48.845421
48.578243
47.242367
47.509541
47.690838
46.068703
44.236641
43.645039
42.919846
41.507633
42.996181
44.332062
42.270992
42.356869
44.188931
43.36832
42.242367
43.282444
41.688931
42.080154
43.387405
41.889313
42.45229
41.402672
42.15649
40.353054
38.79771
38.921757
39.541985
38.530533
37.595421
38.454197
37.795803
36.402672
35.38168
34.723282
34.198475
34.370228
35.505726
35.410305
35.38168
34.828243
35
34.980915
34.017174
34.332062
31.87977
32.700382
32.709923
34.236641
34.188931
34.341602
33.339695
33.807251
33.435116
33.578243
34.837788
33.70229
34.742367
35.076336
33.883587
34.332062
32.662212
32.938931
33.70229
32.328243
34.513359
35.190838
35.505726
33.816795
32.10878
31.917938
31.135496
31.192749
30.391222
30.152672
29.799618
29.818703
30.085878
30.085878
28.673664
27.442749
26.87977
26.087786
27.557251
29.351145
28.893129
28.950382
28.435114
27.051527
29.770992
29.80916
30.171755
30.152672
30.152672
29.933207
29.589695
29.284351
29.37023
30.543894
31.412214
31.192749
32.509541
32.853054
32.767174
32.490459
33.034351
32.738548
32.757633
32.309162
33.816795
33.234734
33.520992
35.887405
38.339695
38.339695
40.667938
40.486641
40.90649
42.232826
42.261452
40.515266
40.753819
40.286259
40.696564
40.505726
39.532444
37.767174
38.645039
37.833969
38.36832
38.969467
39.809162
40.39122
40.295803
39.904579
38.969467
39.284351
40.687023
40.028625
41.078243
42.958015
44.13168
44.246181
42.442749
43.187023
41.67939
41.326336
41.488548
41.765266
43.616413
44.456108
43.396946
43.158398
43.979008
42.07061
41.288166
40.410305
40.629772
40.763359
39.790077
40.667938
39.666031
41.269085
40.639313
40.362595
41.860687
41.316795
41.440838
41.20229
41.860687
42.10878
42.223282
42.948475
43.959923
43.40649
42.767174
42.166031
42.557251
42.538166
41.459923
40.877861
41.135498
42.204197
42.471375
42.738548
41.67939
41.545803
41.459923
42.337788
41.335876
42.261452
43.35878
43.043892
43.730915
44.637405
45.238548
45.324429
47.242367
47.347328
47.175571
46.946564
46.383587
46.622139
46.784351
46.116413
45.066795
46.211834
47.223282
47.404579
47.519085
48.072517
49.293892
50.286259
47.833969
48.788166
48.196564
46.851147
47.146946
46.755726
47.585876
47.11832
46.517174
45.677483
46.755726
45.410305
43.664124
44.847328
43.244274
43.167938
43.874046
43.635498
41.698475
41.507633
42.261452
42.242367
42.595421
43.072517
42.585876
42.461834
41.793892
42.576336
42.585876
41.049618
39.770992
39.980915
40.076336
40.181297
38.511452
38.416031
37.280533
37.328243
36.946564
38.148853
37.442749
37.643131
37.833969
37.948475
39.007633
40.295803
40.314884
39.446564
38.225189
39.322517
37.690838
36.7271
37.45229
38.015266
39.293892
40.286259
40.496181
40.333969
41.841602
43.940838
43.75
44.694656
45.667938
45.849236
46.555344
46.574429
45.791985
45.324429
44.828243
44.847328
45.238548
44.5229
46.230915
45.849236
45.267174
44.761452
44.561069
43.416031
44.122139
44.055344
45.028625
44.198475
44.942749
45.314884
44.551525
44.646946
45.553436
45.706108
44.723282
43.559162
44.541985
43.645039
43.664124
44.236641
43.043892
41.564884
41.812977
40.954197
41.402672
41.774811
41.29771
40.028625
40.057251
39.246181
39.169846
39.236641
39.465649
39.742367
40.811069
41.765266
41.841602
42.299618
42.051525
42.194656
43.225189
44.017174
44.895039
44.933205
45.410305
45.982826
45.85878
45.543892
43.301525
42.92939
43.912212
43.730915
43.225189
42.490459
42.681297
43.444656
43.759541
43.559162
43.36832
42.958015
42.958015
43.339695
42.585876
42.566795
41.784351
42.814884
43.425571
42.948475
41.335876
41.440838
41.040077
41.431297
41.946564
42.270992
42.261452
42.45229
43.225189
44.274811
44.770992
44.379772
44.303436
45.372139
45.400764
46.851147
46.612595
45.505726
45.458015
45.515266
44.437023
44.17939
44.083969
43.778625
44.713741
44.971375
44.732826
45.009541
44.169846
43.625954
43.921757
45.658398
46.135498
46.488548
46.345421
47.337788
47.9771
48.492367
47.824429
48.101147
47.251907
47.604961
47.528625
47.270992
47.318703
46.526718
46.106869
45.734734
45.314884
44.379772
44.704197
44.169846
44.446564
44.427483
43.998093
44.188931
43.730915
43.70229
43.740459
43.597328
43.101147
43.416031
44.150764
44.541985
44.65649
44.780533
45.763359
45.467556
44.847328
44.541985
43.969467
44.57061
44.60878
44.284351
43.835876
43.40649
43.444656
44.169846
43.587788
44.074429
43.845421
44.446564
45.095421
45.219467
45.515266
45.486641
46.078243
46.030533
44.5229
44.646946
44.961834
45.992367
47.11832
47.041985
48.158398
49.580154
50.763359
51.898853
51.440838
49.875954
48.740459
48.36832
48.807251
47.471375
47.652672
48.263359
47.261452
47.872139
45.973282
44.780533
44.990459
45.353054
46.374046
46.354961
45.811069
46.354961
46.67939
46.755726
46.67939
47.127861
46.135498
46.116413
45.90649
46.64122
46.221375
45.648853
45.753819
46.125954
44.713741
45.467556
45.305344
46.116413
45.028625
44.379772
43.759541
43.244274
41.488548
41.316795
41.7271
42.54771
42.662212
42.757633
42.232826
41.898853
42.337788
42.089695
41.851147
42.290077
42.776718
43.769085
43.921757
42.958015
42.9771
42.328243
42.375954
43.139313
41.946564
41.326336
41.746181
41.278625
41.488548
42.261452
42.11832
42.433205
42.251907
41.965649
41.221375
41.574429
42.414124
42.013359
42.175571
41.793892
41.402672
40.467556
40.639313
40.90649
40.524811
40.954197
41.030533
40.601147
40.143131
40.238548
39.751907
39.513359
39.494274
39.646946
38.883587
39.417938
39.265266
39.150764
38.673664
38.568703
38.482826
38.673664
37.633587
38.740002
38.560001
38.200001
37.98
37.73
37.59
37.290001
36.970001
37.52
37.98
36.860001
36.740002
36.34
36.48
35.509998
35.549999
35.18
35.27
35.240002
36.040001
35.459999
34.830002
35.59
34.689999
34.68
35.459999
36.110001
36.560001
35.73
36.16
35.849998
34.799999
35.650002
36.310001
35.869999
35.869999
35.689999
35.369999
34.16
33.939999
33.790001
32.82
32.82
32.599998
33.299999
32.880001
32.790001
33.16
33.150002
32.93
33.009998
33.099998
33.040001
33.360001
33.290001
33.889999
34.549999
35.080002
34.400002
34.310001
34.200001
34.98
34.869999
35.16
34.919998
34.709999
35.290001
35.25
35.029999
34.919998
34.959999
35.060001
35.779999
36.009998
35.889999
35.279999
35.759998
35.040001
35.369999
34.889999
34.860001
34.82
34.290001
34.259998
34.299999
33.360001
33.919998
32.560001
31.75
31.51
31.5
30.91
29.860001
30.6
31.09
31.780001
31.129999
31.75
31.940001
31.469999
32.48
31.200001
30.77
31.32
30.93
30.83
30.92
30.620001
30.24
30
30.15
29.6
29.73
29.889999
30.09
30.6
30.719999
30.309999
30.93
31.799999
32.5
32.880001
32.650002
32.240002
32.580002
32.720001
32.310001
33.07
32.32
31.82
31.129999
31.34
30.780001
29.99
30.07
30.41
31.4
30.719999
30.82
30.91
30.950001
31.01
30.790001
30.41
30.02
30.469999
28.82
28.360001
28.66
28.719999
28.24
28.23
28.700001
28.719999
28.52
28.67
29.32
29.82
30.24
29.26
29.65
28.879999
27.93
29.43
28.98
30.17
31.379999
30.629999
31.09
30.450001
30.389999
30.41
30.17
31.59
32.290001
32.599998
32.790001
32.599998
33.439999
32.869999
33.150002
32.860001
32.610001
32.73
32.919998
32.27
32.169998
32.209999
31.85
31.969999
31.16
31.58
31.700001
31.82
32.709999
32.459999
33.09
32.919998
34.150002
34.709999
35.18
34.810001
34.470001
34.470001
34.970001
34.73
35.299999
35.700001
36.060001
35.830002
35.599998
35.32
35.16
34.98
35.029999
35.200001
34.25
33.299999
33.400002
33.34
33.950001
34.150002
34.259998
32.610001
32.040001
31.73
32.099998
32.290001
32.09
31.51
32.259998
32.049999
32.419998
32.330002
32.299999
32.669998
33.189999
33.349998
32.91
32.849998
32.98
33.02
31.66
30.59
30.860001
30.74
30.209999
29.870001
31.07
31.52
31.34
30.629999
32.150002
31.23
32.169998
32.310001
32.040001
31.34
31.209999
31.18
31.139999
30.26
31.440001
31.469999
31.18
31.67
32.25
30.1
30.16
31.15
31.52
30.17
30.15
29.52
30.16
31.91
32.439999
32.650002
32.73
33.209999
33.049999
33.43
33.400002
33.43
33.830002
33.220001
32.709999
33.240002
33.5
34.75
35.02
34.880001
34.02
34.060001
33.939999
33.77
34.040001
33.52
32.880001
32.740002
32.41
32.139999
31.790001
31.48
30.450001
29.709999
28.41
29.01
29.799999
30.059999
29.67
29.5
28.66
29
29.26
28.309999
29.49
28.969999
29.24
29.219999
29.139999
29.629999
29.459999
29.799999
28.450001
28.51
27.610001
27.34
27.41
27.41
26.209999
26.540001
26.959999
26.52
27.139999
28.200001
28.4
28.790001
28.389999
29.34
29.139999
28.780001
28.9
29.290001
29.58
30.299999
30.120001
29.799999
30.309999
30.75
30.35
30.200001
30.309999
27.889999
27.950001
28.540001
28.370001
27.74
27.52
27.690001
27.25
26.76
26.530001
26.01
25.51
25.6
25.42
26.139999
26.450001
25.879999
25.450001
25.32
25.379999
25.370001
25.690001
26.18
25.41
25.35
25.49
25.23
24.42
24.440001
24.290001
23.18
23.129999
23.370001
23.85
23.620001
23.33
23.65
23.799999
24.459999
24.5
24.459999
24.870001
24.469999
24.15
23.49
23.48
23.139999
22.719999
22.1
22.68
22.93
22.17
22.01
20.959999
20.42
19.33
18.58
19.059999
17.870001
18.66
18.42
17.76
17.889999
17.84
16.940001
16.65
16.959999
16.889999
15.54
15.38
16.209999
15.51
17.379999
17.16
17.93
17.09
16.9
17.389999
16.68
16.440001
16.77
17.32
17.190001
17.91
18.719999
19.51
19.65
19.469999
19
18.98
19.27
20.620001
20.59
20.15
19.309999
19.120001
19.27
19.07
18.709999
18
17.540001
17.610001
17.450001
17.120001
16.940001
17.07
16.74
15.93
16.16
15.41
15.87
15.92
16
17.360001
17.280001
17.299999
17.690001
17.84
18.719999
18.67
18.889999
18.139999
18.639999
19.02
19.459999
18.959999
18.48
17.34
17.200001
16.67
16.91
16.719999
17.15
16.700001
16.6
16.389999
16.370001
16.16
16.75
16.790001
16.91
16.93
17.370001
17.99
18.049999
18.129999
17.799999
17.620001
17.540001
17.059999
17.139999
17.27
17.049999
16.709999
15.74
15.18
14.73
14.82
14.9
15.62
16.299999
16.809999
16.870001
17.84
14.72
13.87
14.17
14.09
13.73
13.91
13.4
12.97
12.6
12.97
13.3
14.1
13.95
14.54
14.43
14.54
14.01
14.3
14.44
14.35
14.4
14.18
13.63
13.25
13.44
13.07
12.58
12.69
12.7
13.15
13.47
13.73
14.22
14.23
14.25
14.35
14.23
13.97
13.97
13.55
13.51
14
14.19
14.02
13.98
13.92
14.39
14.75
14.69
14.9
14.46
14.54
14.79
15.26
15.11
14.59
14.52
14.76
13.38
12.97
12.42
12.68
13
12.75
11.85
11.92
12.3
11.48
13.09
12.98
13.33
13.59
13.53
13.64
13.9
13.62
13.6
13.36
13.43
13.39
13.72
13.86
14.37
14.31
14.48
14.27
14.56
14.49
14.62
14.39
13.93
13.6
13.57
13.45
14.22
14.24
14.76
15.73
16.190001
16.639999
16.549999
16.07
16.09
15.91
16.030001
15.92
15.79
15.75
15.11
15.54
15.8
16.059999
15.74
16.66
18.290001
18.67
19.040001
18.280001
18.309999
18.66
18.67
18.940001
19.01
18.26
19.01
18.709999
18.540001
18.629999
18.370001
17.92
17.82
18.1
18.43
19.57
19.26
19.27
19.049999
18.67
19.129999
18.719999
19.18
18.559999
18.74
18.879999
19.18
19.24
19.83
20.85
20.799999
20.459999
20.110001
19.91
20.469999
19.73
20.200001
19.74
19.52
19.209999
19.26
18.940001
19.209999
19.530001
19.98
19.780001
19.41
19.58
19.65
19.709999
19.129999
19.58
19.690001
20.66
20.209999
19.35
18.610001
18.469999
18.469999
19.049999
19.629999
19.620001
19.26
19.27
19.6
19.030001
18.379999
17.08
17.049999
16.91
16.83
16.950001
17.379999
17.43
17.26
17.16
16.700001
16.65
16.5
16.6
16.459999
16.469999
16.32
16.190001
15.86
16.120001
15.96
16.08
16.549999
16.5
18.370001
18.49
18.84
18.15
18.07
18.219999
18.27
18.469999
18.780001
19.35
19.07
18.85
19.01
18.809999
18.77
19.030001
19.27
18.639999
18.68
19.040001
19.120001
19.25
18.940001
18.85
18.459999
17.969999
17.48
17.65
17.66
17.5
17.33
17.459999
17.57
17.67
17.360001
17.469999
17.34
16.790001
16.82
17.219999
16.85
16.9
16.74
16.639999
16.879999
17.51
17.91
18.07
17.790001
18.15
18.629999
18.889999
19.049999
18.969999
19.07
18.809999
18.93
18.860001
18.790001
18.5
18.379999
18.459999
18.219999
18.67
19.040001
19.059999
18.030001
18.190001
17.84
18.129999
18.01
18.059999
18.33
18.23
17.99
17.58
16.860001
17.049999
17.290001
17.129999
17.040001
16.440001
16.52
16.17
16.299999
16.27
16.280001
16.42
16.4
16.040001
16.01
15.99
16.059999
15.66
15.99
15.92
16
16.34
16.98
16.780001
16.68
16.540001
16.57
16.559999
16.379999
16.690001
16.629999
16.040001
16.02
16.57
16.98
17.280001
17.09
17.07
16.790001
17.219999
17.209999
16.870001
16.99
16.92
16.700001
16.58
16.719999
16.709999
16.889999
16.870001
16.98
16.629999
17.18
17.120001
16.719999
16.32
16.26
16.27
16.559999
17.059999
16.82
16.83
16.68
17.040001
17.41
17.940001
17.93
18.190001
18.48
19.040001
19.129999
19.17
19.01
18.91
19.190001
18.74
18.879999
19
18.860001
18.98
19.120001
18.76
18.5
18.85
19.379999
19.299999
19.379999
19.33
19.23
19.43
20.1
19.85
19.709999
19.700001
19.379999
19.23
19.059999
19.1
19.030001
19.33
19.16
19.77
18.549999
18.299999
18.129999
18.5
18.559999
18.700001
18.51
18.52
18.530001
18.780001
19.389999
19.469999
19.74
19.639999
19.51
19.1
18.379999
18.34
18.65
17.09
16.389999
16.52
16.09
15.49
15.58
16.01
15.9
16.26
16.110001
16.08
16.459999
16.57
16.43
16.43
16.48
16.4
15.94
15.7
15.79
15.89
16.059999
16.33
16.18
16.120001
16.110001
15.79
15.7
15.7
15.82
15.54
15.52
14.79
14.19
13.75
14.07
13.77
13.76
13.98
13.68
13.72
13.88
14.32
13.87
14.01
14.08
14.19
14.41
14.38
14.33
14.38
14.44
14.46
14.26
14.25
14.78
14.6
14.34
13.89
13.66
13.59
13.63
13.63
13.78
13.78
13.59
13.78
13.88
13.86
13.65
13.29
13
12.99
12.71
12.71
12.97
12.88
12.25
12.05
11.3
11.57
11.08
11.04
11.21
11.03
11.35
11.51
11.25
11.43
11.41
11.37
11.22
11.1
11.08
11.17
11.08
10.89
11.01
10.89
10.78
10.38
10.47
10.62
10.64
10.7
11.13
11.46
11.54
11.43
11.15
11.2
11.24
12.14
11.87
12.08
12.02
12.03
12.18
12.28
12.18
12.2
12.42
12.79
13.06
12.95
12.54
12.5
12.52
12.62
12.52
12.4
11.82
11.45
11.49
11.19
11.21
11.2
11.22
11.54
11.61
11.3
11.39
11.73
11.55
11.66
11.42
11.26
11.42
11.47
11.38
11.13
11.11
11.24
11.24
11.36
11.4
11.51
11.58
11.95
12.25
12.34
12.24
12.15
11.9
11.81
11.36
11.25
11.13
11.32
11.2
11.12
11.05
11.03
10.92
10.83
10.84
11.03
11.16
11.26
10.97
10.92
10.72
10.7
10
10
9.67
9.64
9.74
9.77
10.25
10.52
10.46
10.44
10.61
10.34
10.12
9.73
9.86
9.87
9.9
9.81
9.78
9.23
9.44
9.25
9.73
9.84
9.89
9.42
9.16
9.39
9.06
8.9
8.73
8.38
8.33
9.03
8.87
8.8
8.6
8.69
8.37
8.06
7.87
7.91
8.16
7.81
8.05
8.15
8.2
8.09
8.52
8.7
8.74
8.56
8.61
8.56
8.58
8.63
9.29
8.92
9.14
8.85
9.05
8.86
9.24
9.27
9.23
9.29
8.88
8.85
8.8
8.9
8.95
8.36
8.19
8.32
8.54
8.54
8.34
8.8
8.61
8.74
8.66
8.65
8.77
8.92
9.11
9.24
9.29
9.2
9.16
9.17
8.66
8.64
9.12
8.86
9.06
8.91
8.88
9.26
9.05
8.78
8.43
8.21
8.17
8.28
8.46
8.19
8.12
8.55
8.5
8.59
8.5
8.35
8.32
8.24
8.21
8.39
8.61
8.64
8.87
8.93
8.78
