1.1825
1.1774
1.1622
1.1706
1.1577
1.1498
1.1564
1.1663
1.17
1.1553
1.1605
1.1557
1.1591
1.1585
1.1549
1.156
1.1423
1.1412
1.1357
1.1298
1.1339
1.13
1.1328
1.1259
1.1324
1.1303
1.1326
1.1233
1.1275
1.1205
1.1245
1.12
1.1076
1.103
1.101
1.1
1.104
1.1026
1.0885
1.0933
1.0889
1.0807
1.0825
1.0883
1.0885
1.0946
1.103
1.0907
1.0933
1.0996
1.0994
1.0966
1.0893
1.0911
1.0911
1.0888
1.0841
1.0765
1.073
1.0713
1.0766
1.078
1.0713
1.0835
1.0773
1.0743
1.0791
1.0813
1.0769
1.08
1.0703
1.07
1.0658
1.0631
1.061
1.0642
1.0613
1.0585
1.0664
1.0633
1.0587
1.058
1.0571
1.0623
1.0755
1.0799
1.0756
1.0785
1.0714
1.065
1.0661
1.0661
1.0669
1.0672
1.0661
1.0623
1.0575
1.0594
1.0603
1.044
1.0432
1.041
1.0452
1.0355
1.0324
1.0372
1.0288
1.046
1.047
1.0479
1.0535
1.0421
1.0426
1.0298
1.0335
1.0388
1.0348
1.0323
1.033
1.0421
1.043
1.0349
1.0328
1.0338
1.0233
1.0255
1.0236
1.0215
1.0217
1.0176
1.0145
1.0165
1.0204
1.0191
1.0196
1.0295
1.0408
1.0537
1.0514
1.0495
1.065
1.0621
1.0665
1.0724
1.0697
1.0693
1.0682
1.0772
1.0754
1.0745
1.0715
1.0707
1.0652
1.0668
1.0568
1.058
1.0512
1.0519
1.0638
1.0665
1.0493
1.0531
1.0416
1.0435
1.0457
1.0466
1.0573
1.0586
1.0679
1.0613
1.0586
1.0592
1.0541
1.0363
1.0417
1.0352
1.0392
1.0378
1.0408
1.0352
1.0488
1.0436
1.0485
1.0442
1.0469
1.053
1.0644
1.0695
1.0724
1.0737
1.0734
1.0689
1.0714
1.063
1.0643
1.0759
1.0802
1.0785
1.0887
1.083
1.0832
1.0739
1.0806
1.0684
1.0667
1.0587
1.0505
1.0512
1.0541
1.0503
1.0518
1.0484
1.0372
1.0419
1.0384
1.0402
1.0442
1.0412
1.0315
1.033
1.0309
1.0407
1.0294
1.0304
1.0315
1.0279
1.0188
1.0162
1.0095
1.0089
1.0081
1.0012
1.002
1.0224
1.0255
1.0276
1.0206
1.0125
1.0138
1.0055
1.0063
1.0162
1.0086
1.0137
1.0098
1.0087
1.0153
1.0121
1.0066
1.004
1.0066
1.0088
1.0088
1.0301
1.0315
1.0315
1.0296
1.0254
1.0331
1.0308
1.0252
1.0142
1.0135
1.0125
1.0175
1.0085
1.007
1.0009
1.0014
0.9882
0.9769
0.9688
0.9721
0.9765
0.99
0.9821
0.98
0.986
0.9927
0.9851
0.9866
0.98
0.981
0.9865
0.988
0.9848
1.0037
1.0034
0.9924
0.9744
0.9714
0.9645
0.9732
0.9651
0.9582
0.9586
0.9581
0.9607
0.9667
0.9632
0.9633
0.9681
0.9668
0.969
0.9718
0.9729
0.9608
0.9606
0.9715
0.9753
0.9671
0.9594
0.9512
0.9615
0.9554
0.9555
0.9592
0.9623
0.9583
0.9545
0.9623
0.959
0.9587
0.9528
0.962
0.9523
0.9453
0.9401
0.9383
0.9378
0.9203
0.923
0.9093
0.9113
0.9154
0.9093
0.8941
0.8896
0.8971
0.8974
0.9073
0.9065
0.9014
0.918
0.9112
0.9003
0.8948
0.8945
0.897
0.9028
0.9066
0.9038
0.9113
0.9307
0.9301
0.9373
0.9309
0.9458
0.9477
0.9542
0.9613
0.9559
0.953
0.9532
0.9594
0.9577
0.9544
0.9645
0.9564
0.9545
0.9443
0.9354
0.9351
0.9365
0.9452
0.941
0.9515
0.9525
0.95
0.9527
0.9507
0.9481
0.9549
0.9524
0.9423
0.9371
0.938
0.9361
0.9251
0.9244
0.933
0.9369
0.9332
0.9382
0.9429
0.9314
0.9231
0.926
0.9141
0.9135
0.9065
0.9079
0.9069
0.902
0.9006
0.9083
0.9034
0.9056
0.913
0.9158
0.9162
0.9063
0.9016
0.8963
0.9016
0.9024
0.902
0.8997
0.8921
0.8938
0.8877
0.8996
0.8895
0.8701
0.8712
0.8666
0.8574
0.8637
0.8592
0.8643
0.8538
0.8534
0.8505
0.8488
0.8595
0.8764
0.8743
0.883
0.8831
0.8785
0.8831
0.8765
0.8755
0.8748
0.869
0.8683
0.8683
0.8717
0.8682
0.863
0.855
0.8495
0.854
0.8389
0.8432
0.8414
0.8357
0.8355
0.8271
0.8295
0.8389
0.8405
0.8485
0.8613
0.858
0.8668
0.8619
0.8603
0.8552
0.8672
0.8596
0.8568
0.8582
0.8576
0.8533
0.8481
0.8508
0.8432
0.8448
0.8383
0.8523
0.8561
0.8569
0.8726
0.8793
0.887
0.8797
0.8921
0.8899
0.8879
0.8775
0.8794
0.8767
0.8921
0.8943
0.8948
0.8952
0.9094
0.9166
0.9231
0.9307
0.9304
0.9295
0.9422
0.951
0.927
0.9494
0.9573
0.9469
0.9438
0.9363
0.9523
0.9515
0.942
0.9356
0.9429
0.9338
0.9384
0.9364
0.9215
0.9239
0.9238
0.9165
0.9263
0.9368
0.938
0.9358
0.9373
0.9311
0.9283
0.9178
0.9244
0.9316
0.9195
0.9176
0.9047
0.9141
0.9121
0.9087
0.9048
0.9173
0.9104
0.9186
0.9232
0.9298
0.9354
0.9284
0.934
0.9294
0.9324
0.933
0.9279
0.9149
0.9116
0.8965
0.8972
0.899
0.9093
0.8956
0.8886
0.8901
0.896
0.893
0.886
0.883
0.8759
0.8794
0.8976
0.901
0.8961
0.9042
0.8968
0.8888
0.888
0.8915
0.888
0.8834
0.8824
0.898
0.9018
0.8976
0.8939
0.8968
0.9029
0.8918
0.8868
0.8933
0.8939
0.8896
0.8924
0.8905
0.8846
0.8853
0.8813
0.8752
0.8742
0.8785
0.8833
0.8828
0.8804
0.8772
0.8647
0.8568
0.856
0.8604
0.8552
0.8568
0.8458
0.846
0.8462
0.8542
0.8482
0.8502
0.8504
0.843
0.8536
0.8545
0.8625
0.861
0.8612
0.8535
0.8547
0.8548
0.8571
0.8591
0.8631
0.8593
0.8439
0.8493
0.8471
0.8477
0.8369
0.8469
0.8512
0.855
0.8598
0.8536
0.8547
0.8529
0.8588
0.8731
0.8704
0.8714
0.8685
0.8746
0.8803
0.878
0.8777
0.8742
0.8756
0.881
0.8834
0.8839
0.8816
0.8774
0.8802
0.8921
0.893
0.8959
0.9029
0.9148
0.9119
0.918
0.9143
0.9176
0.9148
0.9151
0.9137
0.9112
0.9122
0.909
0.9161
0.9125
0.888
0.885
0.8964
0.9071
0.8977
0.9146
0.9069
0.9113
0.921
0.9235
0.9273
0.9275
0.9273
0.9147
0.9167
0.9223
0.923
0.9178
0.9112
0.9171
0.9188
0.9143
0.9181
0.9181
0.921
0.9125
0.9102
0.9021
0.911
0.9086
0.9082
0.9035
0.9039
0.8987
0.8919
0.8903
0.8936
0.8923
0.893
0.9045
0.9045
0.8996
0.9017
0.9029
0.8978
0.8943
0.8983
0.8923
0.8941
0.8939
0.8802
0.8824
0.8817
0.8842
0.8784
0.8833
0.8783
0.8775
0.88
0.8831
0.8877
0.8872
0.8964
0.8913
0.8901
0.8883
0.8948
0.8897
0.8906
0.8927
0.8983
0.893
0.9031
0.9019
0.9033
0.9007
0.8997
0.8886
0.8772
0.8802
0.8829
0.8851
0.8898
0.9033
0.8981
0.8943
0.8934
0.893
0.891
0.8911
0.8922
0.8944
0.8823
0.8821
0.8811
0.8842
0.8861
0.8782
0.8777
0.8659
0.8619
0.8654
0.8611
0.8582
0.8617
0.8702
0.8666
0.8676
0.8703
0.8728
0.8765
0.877
0.8712
0.8737
0.8734
0.8766
0.8691
0.8698
0.8756
0.8689
0.8638
0.8654
0.8688
0.8652
0.8694
0.8716
0.8764
0.8814
0.8739
0.875
0.876
0.8756
0.8824
0.8824
0.8825
0.8823
0.8854
0.8821
0.8772
0.8769
0.8769
0.8724
0.8704
0.8804
0.879
0.8808
0.8781
0.878
0.8748
0.8804
0.8799
0.8826
0.8791
0.8792
0.8828
0.8904
0.891
0.8918
0.8892
0.8885
0.8928
0.8975
0.9019
0.9034
0.8999
0.9056
0.9031
0.9171
0.9178
0.9152
0.9038
0.9092
0.9138
0.9111
0.9024
0.9124
0.9116
0.9204
0.9207
0.9196
0.9255
0.9211
0.9208
0.9283
0.9354
0.937
0.9338
0.9404
0.9392
0.939
0.9475
0.9433
0.9442
0.948
0.9435
0.9431
0.9455
0.944
0.9515
0.957
0.9649
0.9713
0.9702
0.9792
0.9799
0.9886
0.9916
0.9913
0.9859
0.9801
0.9728
0.9895
0.9933
0.9888
0.9893
0.9912
1.0036
1.012
1.007
1.0112
1.0117
1.0082
0.9885
0.9951
1.0044
0.9869
0.9806
0.9832
0.9771
0.9844
0.9864
0.9799
0.9662
0.9749
0.967
0.9701
0.9787
0.984
0.9797
0.982
0.9847
0.9762
0.9788
0.9804
0.9688
0.973
0.9715
0.9829
0.9791
0.9847
0.9821
0.9969
0.9929
0.9916
0.9816
0.9793
0.9752
0.976
0.9818
0.9716
0.9691
0.9743
0.9777
0.9862
0.9819
0.9781
0.9811
0.9762
0.976
0.9802
0.9874
0.9825
0.9865
0.9876
0.979
0.9832
0.9786
0.9893
0.9862
0.9872
0.9869
0.9815
0.9816
0.9705
0.9717
0.9731
0.9775
0.9763
0.9779
0.9758
0.9845
0.983
0.9837
0.99
0.9961
0.9979
0.9998
1.0032
1.009
1.0137
1.0107
1.0126
1.0081
1.0041
1.0095
1.0088
1.0037
1.0017
1.0018
0.9963
0.992
0.9931
0.9903
0.9949
0.9971
0.9964
1.0008
1.0004
1.0095
1.0102
1.0077
1.0084
1.0184
1.0235
1.0225
1.028
1.027
1.0272
1.0268
1.0262
1.03
1.0375
1.044
1.049
1.0487
1.0353
1.0422
1.046
1.041
1.0494
1.0487
1.058
1.0538
1.0552
1.0562
1.0616
1.0668
1.0727
1.0727
1.0739
1.0831
1.0849
1.0823
1.0841
1.0818
1.0766
1.0782
1.0889
1.0778
1.0825
1.0818
1.0726
1.0735
1.0708
1.0828
1.0789
1.0687
1.0744
1.0823
1.0772
1.0798
1.0763
1.0783
1.0738
1.0804
1.0893
1.0886
1.0962
1.0971
1.1009
1.1057
1.1037
1.0991
1.0769
1.0747
1.0621
1.0634
1.0562
1.0609
1.0522
1.0638
1.0655
1.0692
1.0694
1.0777
1.0915
1.0913
1.0768
1.0759
1.0735
1.0693
1.0706
1.0769
1.0786
1.0754
1.0771
1.0796
1.0912
1.0875
1.0867
1.0967
1.097
1.1028
1.1035
1.0984
1.1075
1.1171
1.1235
1.1227
1.1288
1.1424
1.1354
1.1493
1.1487
1.1557
1.1528
1.1491
1.1381
1.1582
1.1652
1.1705
1.1631
1.1694
1.1833
1.1812
1.1762
1.1903
1.1782
1.1752
1.173
1.1637
1.1832
1.1693
1.1708
1.1669
1.1752
1.1767
1.1853
1.1823
1.1779
1.1688
1.1717
1.1603
1.1554
1.1503
1.1531
1.1416
1.1422
1.1504
1.1559
1.1536
1.1491
1.1311
1.1313
1.1345
1.1374
1.1294
1.1269
1.1169
1.1211
1.1201
1.1266
1.1343
1.1325
1.1484
1.1471
1.1507
1.1488
1.1437
1.1347
1.1229
1.1271
1.1359
1.1385
1.1329
1.137
1.1306
1.1349
1.1279
1.1321
1.1265
1.1264
1.1142
1.1133
1.1118
1.092
1.0879
1.087
1.0853
1.0878
1.0878
1.0979
1.0807
1.0845
1.0943
1.1102
1.1062
1.1224
1.1209
1.1205
1.1286
1.1279
1.1172
1.1283
1.1253
1.1372
1.1455
1.1437
1.1493
1.1484
1.146
1.1595
1.1651
1.1715
1.1691
1.1576
1.1705
1.1756
1.1807
1.1745
1.1793
1.1702
1.1722
1.163
1.1583
1.1672
1.1631
1.1664
1.1797
1.1787
1.1783
1.1743
1.1666
1.1658
1.1621
1.1581
1.1456
1.1484
1.1434
1.1412
1.1526
1.1477
1.1519
1.163
1.1732
1.1775
1.1747
1.1968
1.1874
1.1909
1.1913
1.1768
1.179
1.1938
1.1994
1.1976
1.2078
1.2108
1.208
1.2164
1.2218
1.2249
1.2215
1.2221
1.2276
1.2319
1.2324
1.2408
1.2422
1.2371
1.2395
1.2393
1.2446
1.2425
1.2491
1.2549
1.2594
1.2581
1.2677
1.2723
1.2629
1.2764
1.2815
1.2746
1.2772
1.2647
1.2577
1.2393
1.2579
1.2641
1.2717
1.2579
1.2457
1.2641
1.2467
1.2406
1.2475
1.2423
1.254
1.2535
1.2546
1.2704
1.2697
1.2669
1.2831
1.2808
1.2733
1.2841
1.2685
1.2714
1.2537
1.2552
1.2682
1.25
1.2437
1.2491
1.2456
1.2215
1.2203
1.2202
1.2363
1.2402
1.2323
1.2225
1.2357
1.2219
1.2262
1.2271
1.2234
1.2382
1.2284
1.233
1.2334
1.2133
1.2126
1.2128
1.2155
1.2169
1.2313
1.2362
1.2121
1.2016
1.2116
1.2172
1.2086
1.2074
1.1945
1.1959
1.198
1.1985
1.2022
1.1864
1.1839
1.1903
1.1847
1.1863
1.1922
1.1836
1.1959
1.1973
1.1941
1.2097
1.2174
1.208
1.1877
1.1847
1.1872
1.19
1.1817
1.1884
1.2026
1.1948
1.2008
1.196
1.198
1.2002
1.2104
1.2102
1.2261
1.222
1.2244
1.2212
1.2227
1.228
1.2319
1.2267
1.2047
1.2105
1.2055
1.2157
1.2011
1.205
1.2135
1.2112
1.2105
1.2091
1.2166
1.2175
1.2182
1.208
1.2193
1.2157
1.2316
1.2278
1.237
1.2382
1.2413
1.2404
1.2326
1.2378
1.2354
1.2451
1.2439
1.2329
1.2257
1.2255
1.2092
1.214
1.2055
1.2055
1.2042
1.2019
1.2023
1.2056
1.2049
1.2058
1.2276
1.2269
1.2234
1.2216
1.2252
1.237
1.2361
1.2352
1.2335
1.2363
1.2317
1.2138
1.208
1.208
1.21
1.2007
1.2044
1.2179
1.2188
1.2174
1.2056
1.2102
1.2181
1.2215
1.2258
1.2258
1.2249
1.2149
1.2179
1.2185
1.2175
1.2337
1.2265
1.2269
1.2275
1.2288
1.2326
1.2332
1.2435
1.2413
1.2286
1.2312
1.2285
1.2281
1.2409
1.2382
1.2326
1.2344
1.2383
1.2467
1.2489
1.2509
1.2587
1.2614
1.268
1.2804
1.2764
1.2709
1.2744
1.2794
1.2751
1.2741
1.2821
1.2868
1.2963
1.2917
1.2897
1.2887
1.2904
1.297
1.2948
1.2954
1.3031
1.2959
1.3023
1.3046
1.3085
1.3184
1.3295
1.3274
1.3278
1.3343
1.3265
1.3452
1.3406
1.3419
1.3336
1.3301
1.3203
1.3307
1.3294
1.339
1.3237
1.3305
1.3391
1.337
1.3387
1.3511
1.3614
1.3611
1.3607
1.3633
1.3552
1.3465
1.3278
1.3259
1.317
1.305
1.3068
1.3105
1.325
1.3217
1.3107
1.3013
1.3007
1.2959
1.3039
1.3055
1.297
1.3071
1.3043
1.3037
1.3035
1.3043
1.3023
1.2973
1.2866
1.2756
1.2758
1.2802
1.2872
1.2862
1.2971
1.3024
1.3029
1.3068
1.3069
1.3259
1.3214
1.3195
1.3244
1.3225
1.3185
1.3139
1.3108
1.3235
1.3212
1.334
1.3388
1.3412
1.3456
1.3369
1.3302
1.3416
1.3374
1.3322
1.3154
1.3079
1.2985
1.2937
1.2894
1.2922
1.2916
1.2961
1.2906
1.2845
1.2865
1.2871
1.2856
1.293
1.297
1.2918
1.2914
1.281
1.2926
1.3019
1.3058
1.3083
1.3048
1.3063
1.3002
1.2985
1.2929
1.2896
1.2871
1.2861
1.287
1.2944
1.2957
1.2816
1.284
1.2878
1.2812
1.268
1.2625
1.2638
1.2604
1.2681
1.2641
1.2556
1.2577
1.2582
1.2599
1.2509
1.2582
1.2303
1.2174
1.2266
1.2231
1.2256
1.2283
1.2232
1.2227
1.2115
1.2108
1.2029
1.2114
1.2105
1.2283
1.2149
1.2181
1.2128
1.2032
1.2089
1.2159
1.2051
1.207
1.2099
1.1953
1.1909
1.1931
1.1949
1.1964
1.207
1.224
1.2092
1.208
1.2032
1.2048
1.2032
1.2137
1.217
1.206
1.2057
1.2015
1.2065
1.2133
1.2119
1.2172
1.219
1.2334
1.2382
1.2358
1.235
1.2367
1.238
1.2468
1.2437
1.2364
1.2362
1.2269
1.217
1.2148
1.2229
1.2234
1.2271
1.2297
1.2284
1.2233
1.2216
1.2343
1.2493
1.2528
1.2466
1.2415
1.2398
1.2403
1.2283
1.2263
1.2286
1.222
1.2233
1.2136
1.2113
1.2215
1.2149
1.2037
1.2069
1.2009
1.2041
1.2027
1.2023
1.1916
1.1914
1.197
1.2178
1.2124
1.2065
1.1989
1.2021
1.2022
1.2073
1.2023
1.1957
1.1988
1.2019
1.195
1.1982
1.2103
1.2067
1.214
1.2066
1.1989
1.2019
1.2071
1.1941
1.1811
1.1799
1.1778
1.1763
1.1684
1.1731
1.1684
1.172
1.1669
1.1746
1.1772
1.1726
1.1813
1.1818
1.172
1.1849
1.1777
1.1789
1.1732
1.1713
1.1785
1.1778
1.1722
1.1821
1.1811
1.195
1.1943
1.1996
1.1976
1.2012
1.2003
1.1854
1.1837
1.1863
1.1863
1.1824
1.1834
1.1837
1.1846
1.2015
1.2124
1.2103
1.215
1.2081
1.2065
1.2125
1.2035
1.2135
1.2105
1.2105
1.2099
1.2136
1.2306
1.228
1.2241
1.2202
1.2101
1.2087
1.2155
1.2057
1.2097
1.202
1.1964
1.1977
1.1956
1.1976
1.19
1.1897
1.1914
1.1888
1.1906
1.193
1.1912
1.191
1.1921
1.1875
1.1848
1.1916
1.1914
1.204
1.2039
1.2018
1.1882
1.1923
1.1914
1.1914
1.1958
1.2015
1.2069
1.218
1.2188
1.2167
1.2092
1.2073
1.1969
1.2035
1.2013
1.2002
1.2025
1.217
1.2113
1.2136
1.2256
1.2289
1.2231
1.2088
1.2106
1.2146
1.2102
1.211
1.2255
1.2347
1.2381
1.2315
1.234
1.2385
1.2433
1.2451
1.2528
1.2631
1.2586
1.2609
1.2631
1.2691
1.2722
1.2709
1.2757
1.2781
1.2835
1.2933
1.2793
1.2854
1.2746
1.2843
1.2774
1.2866
1.2819
1.2754
1.2803
1.2736
1.2874
1.2813
1.2808
1.2916
1.2899
1.2817
1.2785
1.2651
1.2636
1.2584
1.2534
1.2598
1.2633
1.2642
1.2573
1.2577
1.2667
1.2576
1.2507
1.2585
1.2579
1.255
1.2659
1.2784
1.2796
1.272
1.2775
1.2808
1.2735
1.2773
1.2699
1.2687
1.265
1.2518
1.2506
1.2585
1.2625
1.2694
1.2635
1.2578
1.2712
1.2698
1.2759
1.2765
1.2825
1.2787
1.28
1.2868
1.2839
1.2868
1.2863
1.2793
1.2719
1.2714
1.2783
1.2839
1.2827
1.2823
1.2889
1.2802
1.2786
1.2764
1.2753
1.2779
1.2824
1.2832
1.2815
1.2835
1.2814
1.2805
1.2727
1.2678
1.2702
1.2689
1.2689
1.2725
1.2668
1.2706
1.2677
1.2685
1.2778
1.2784
1.2747
1.269
1.2701
1.2701
1.268
1.2739
1.2732
1.2714
1.2691
1.2603
1.2598
1.2538
1.2517
1.2555
1.2511
1.2533
1.2547
1.2531
1.2626
1.2615
1.2556
1.2559
1.26
1.2694
1.274
1.2725
1.2765
1.2759
1.2779
1.272
1.2726
1.2776
1.2757
1.2831
1.2842
1.2807
1.2811
1.2829
1.2795
1.2843
1.2816
1.2844
1.2941
1.3098
1.3133
1.3201
1.3155
1.3242
1.3335
1.3343
1.3317
1.3285
1.3287
1.3202
1.3238
1.3286
1.3213
1.3143
1.3075
1.3098
1.3197
1.3177
1.3176
1.3129
1.3097
1.3115
1.3151
1.32
1.3169
1.3085
1.3006
1.3023
1.3002
1.2936
1.2893
1.2924
1.2918
1.2936
1.2963
1.2957
1.2948
1.3027
1.2972
1.2931
1.2927
1.2957
1.297
1.3032
1.3022
1.2959
1.2928
1.2984
1.3012
1.3041
1.3007
1.2967
1.3038
1.3131
1.3141
1.3143
1.3138
1.314
1.3125
1.3167
1.3188
1.3243
1.3228
1.3188
1.3196
1.3093
1.3129
1.3177
1.3132
1.3152
1.3188
1.3196
1.3217
1.3236
1.3303
1.33
1.3316
1.3384
1.333
1.3283
1.3331
1.335
1.3317
1.3331
1.3354
1.3365
1.3332
1.3372
1.3421
1.3355
1.3434
1.343
1.3486
1.3528
1.3528
1.3572
1.3608
1.3609
1.3589
1.3575
1.3639
1.3638
1.3586
1.365
1.3643
1.3602
1.3588
1.3552
1.359
1.3596
1.3541
1.3529
1.3483
1.3521
1.3541
1.3591
1.352
1.3492
1.3507
1.3464
1.3448
1.3459
1.3427
1.3442
1.3447
1.3425
1.3453
1.3447
1.3489
1.3518
1.3501
1.3427
1.3372
1.3358
1.3303
1.3311
1.3311
1.3387
1.3415
1.3423
1.3406
1.3385
1.3468
1.3461
1.3454
1.345
1.3442
1.3541
1.3624
1.361
1.3595
1.3627
1.363
1.3748
1.3743
1.3793
1.3781
1.377
1.3787
1.3803
1.3795
1.3826
1.3812
1.3826
1.3723
1.3741
1.3635
1.3691
1.367
1.3672
1.37
1.3773
1.3785
1.374
1.3796
1.3676
1.3691
1.3611
1.3532
1.3423
1.3423
1.3474
1.3474
1.346
1.3543
1.3565
1.3674
1.3641
1.3601
1.3676
1.3635
1.3628
1.3603
1.3647
1.3688
1.3766
1.3797
1.3837
1.3902
1.3863
1.3873
1.3866
1.3981
1.3958
1.4069
1.4089
1.4087
1.4141
1.4128
1.4149
1.4266
1.4232
1.415
1.4087
1.413
1.4134
1.4057
1.4101
1.4146
1.4198
1.4176
1.421
1.4165
1.4202
1.4293
1.43
1.4177
1.4263
1.4266
1.4326
1.4391
1.4424
1.4429
1.448
1.442
1.4503
1.4464
1.4555
1.4642
1.4671
1.4667
1.4534
1.4604
1.4653
1.462
1.4663
1.4663
1.4821
1.4854
1.4836
1.4878
1.4821
1.4831
1.474
1.4628
1.467
1.4765
1.4614
1.4627
1.4653
1.4713
1.4655
1.4704
1.4632
1.4422
1.4398
1.4407
1.4377
1.4318
1.4356
1.4398
1.449
1.4611
1.4714
1.4588
1.4726
1.4743
1.4751
1.4685
1.4707
1.4662
1.4805
1.4776
1.4867
1.48
1.4649
1.4641
1.4615
1.4637
1.4628
1.4757
1.4671
1.4786
1.4773
1.4878
1.4863
1.4798
1.4826
1.4648
1.4612
1.4483
1.4511
1.4525
1.4581
1.4569
1.4637
1.4677
1.4727
1.4711
1.4807
1.4829
1.4826
1.4983
1.5115
1.5213
1.518
1.5204
1.521
1.5268
1.5387
1.5344
1.5339
1.533
1.5551
1.564
1.5671
1.5728
1.5624
1.5626
1.5437
1.5424
1.5629
1.5846
1.5783
1.5794
1.5771
1.5607
1.5691
1.5682
1.5738
1.5701
1.5699
1.5829
1.5742
1.5802
1.5843
1.5791
1.5946
1.5897
1.5813
1.5906
1.5994
1.5889
1.5678
1.5628
1.5658
1.5564
1.5619
1.5469
1.5423
1.5493
1.5529
1.5387
1.5402
1.5481
1.5545
1.546
1.5475
1.5439
1.5575
1.5514
1.5654
1.5795
1.5729
1.576
1.5682
1.5639
1.5515
1.5554
1.5541
1.5441
1.5431
1.5587
1.5776
1.5642
1.5461
1.5552
1.5447
1.538
1.5467
1.5507
1.5524
1.5502
1.5604
1.552
1.5567
1.5668
1.5756
1.5793
1.5755
1.5791
1.5879
1.5694
1.572
1.5667
1.574
1.5785
1.5936
1.5904
1.5917
1.5822
1.5864
1.5846
1.5924
1.5781
1.5689
1.5678
1.5708
1.5742
1.5584
1.5574
1.5599
1.5562
1.5575
1.5456
1.541
1.5324
1.5004
1.4897
1.4917
1.4922
1.4807
1.4686
1.4695
1.4792
1.4738
1.4904
1.4792
1.4752
1.4649
1.4714
1.4694
1.4671
1.4515
1.4488
1.4231
1.4267
1.4127
1.4129
1.3968
1.4025
1.4221
1.4263
1.4132
1.4304
1.4316
1.4466
1.4789
1.4645
1.4612
1.4617
1.4612
1.442
1.4111
1.401
1.3819
1.377
1.3487
1.3592
1.3631
1.3589
1.3407
1.3586
1.3622
1.3462
1.3476
1.3407
1.3349
1.3056
1.2851
1.2991
1.2622
1.2458
1.2719
1.2962
1.2909
1.2726
1.2646
1.3034
1.2953
1.2693
1.2762
1.2728
1.2517
1.2473
1.279
1.2689
1.2646
1.2624
1.2521
1.2464
1.2574
1.2909
1.3058
1.2887
1.2698
1.2622
1.271
1.2706
1.2776
1.2716
1.2944
1.2914
1.3011
1.3355
1.3374
1.37
1.406
1.4387
1.4215
1.3921
1.3945
1.3947
1.4007
1.4058
1.3971
1.4071
1.3977
1.3852
1.3615
1.3523
1.3635
1.3711
1.3427
1.3366
1.3194
1.3175
1.3141
1.3288
1.2888
1.3056
1.3
1.2983
1.318
1.3148
1.3142
1.2948
1.2803
1.2842
1.3036
1.2839
1.2781
1.2924
1.3014
1.2894
1.2897
1.2868
1.2887
1.26
1.2537
1.2666
1.2833
1.2697
1.2838
1.2706
1.2727
1.2676
1.2576
1.2562
1.2647
1.2556
1.2635
1.2606
1.2674
1.2828
1.2913
1.2927
1.2975
1.3015
1.3509
1.3662
1.358
1.3629
1.3458
1.3583
1.3521
1.3285
1.3203
1.3247
1.3233
1.3459
1.3482
1.3406
1.3267
1.3261
1.3164
1.3363
1.3251
1.3219
1.3172
1.3044
1.2915
1.2933
1.2998
1.3147
1.324
1.3011
1.3146
1.3261
1.3226
1.3269
1.341
1.3312
1.3317
1.3398
1.3634
1.3573
1.3642
1.36
1.3633
1.3493
1.3558
1.3628
1.3766
1.3895
1.3996
1.3989
1.3833
1.3938
1.4157
1.4157
1.4302
1.4149
1.4186
1.3967
1.3896
1.4068
1.3976
1.4105
1.4015
1.3788
1.3834
1.3946
1.3904
1.3939
1.3858
1.4077
1.3926
1.3992
1.4052
1.4075
1.4032
1.415
1.3944
1.3976
1.3921
1.3875
1.4023
1.3935
1.3977
1.3964
1.4109
1.4141
1.41
1.423
1.4212
1.4212
1.4155
1.4204
1.424
1.4175
1.4034
1.4072
1.4255
1.4415
1.4394
1.4408
1.4341
1.4182
1.4135
1.415
1.4196
1.4287
1.42
1.4076
1.4131
1.4235
1.425
1.4326
1.4302
1.4297
1.4248
1.4345
1.4303
1.4329
1.4218
1.4262
1.4254
1.4297
1.4482
1.456
1.4575
1.457
1.4621
1.466
1.4716
1.4739
1.4711
1.4675
1.4789
1.4728
1.4657
1.4688
1.4619
1.4582
1.4632
1.4537
1.4575
1.4648
1.4715
1.4688
1.4788
1.4727
1.4774
1.4853
1.4926
1.4943
1.4902
1.4962
1.4937
1.5008
1.5024
1.5006
1.4865
1.4802
1.471
1.4836
1.4718
1.4766
1.4722
1.4873
1.4879
1.4843
1.4995
1.4981
1.4981
1.4841
1.492
1.4969
1.4873
1.4962
1.4917
1.486
1.4957
1.4962
1.5134
1.4966
1.5008
1.5083
1.5044
1.5068
1.4845
1.4819
1.4709
1.4729
1.473
1.4619
1.4653
1.4533
1.4528
1.4341
1.4337
1.4279
1.4253
1.433
1.4373
1.4379
1.4344
1.4339
1.4322
1.441
1.4371
1.4415
1.4313
1.4417
1.4512
1.4492
1.4509
1.4499
1.4379
1.43
1.4101
1.4085
1.4131
1.4146
1.4072
1.402
1.3969
1.3862
1.3927
1.3957
1.3897
1.3736
1.3662
1.3657
1.3788
1.373
1.3686
1.3613
1.377
1.3602
1.3616
1.3593
1.3594
1.3509
1.3535
1.3548
1.3618
1.3556
1.3604
1.3701
1.3578
1.3617
1.3633
1.3597
1.3655
1.3675
1.3758
1.3675
1.3775
1.3736
1.3604
1.3527
1.3556
1.3505
1.3309
1.3279
1.341
1.3478
1.3415
1.3512
1.358
1.3484
1.34
1.3338
1.3359
1.3496
1.3586
1.3615
1.3653
1.3581
1.3496
1.3491
1.3436
1.3388
1.3289
1.3383
1.3403
1.3152
1.3215
1.3241
1.329
1.3194
1.2962
1.2808
1.2634
1.2759
1.2778
1.2634
1.2624
1.2516
1.236
1.2391
1.2158
1.2415
1.2462
1.257
1.2336
1.2379
1.2161
1.2359
1.2271
1.2214
1.2248
1.2161
1.1969
1.1911
1.1968
1.1984
1.2111
1.211
1.2216
1.2323
1.2296
1.2384
1.2386
1.231
1.2262
1.2316
1.2328
1.2368
1.228
1.2184
1.2231
1.2515
1.2565
1.2626
1.2632
1.2689
1.2639
1.2589
1.2725
1.274
1.2931
1.2929
1.2935
1.2883
1.2758
1.2884
1.2909
1.2994
1.2994
1.2988
1.3076
1.3049
1.3177
1.3225
1.316
1.3182
1.3287
1.3225
1.3175
1.2834
1.2824
1.2757
1.2818
1.2876
1.2858
1.2818
1.271
1.2662
1.2621
1.2657
1.2715
1.2767
1.2661
1.2682
1.2806
1.2821
1.2895
1.2683
1.2722
1.2695
1.2678
1.2877
1.2994
1.3007
1.3077
1.3046
1.3066
1.3261
1.3398
1.3313
1.3487
1.3454
1.358
1.3624
1.3632
1.3791
1.3681
1.3833
1.3934
1.3925
1.3936
1.3872
1.3922
1.3958
1.4078
1.3974
1.3944
1.3732
1.3966
1.3922
1.3953
1.3968
1.3856
1.3761
1.3924
1.3945
1.3896
1.4038
1.4142
1.4209
1.4029
1.3914
1.3774
1.3782
1.3662
1.3688
1.3582
1.3493
1.352
1.3639
1.3684
1.3619
1.3366
1.3329
1.3245
1.3121
1.2983
1.314
1.3224
1.3408
1.3301
1.3263
1.3262
1.3245
1.3227
1.3387
1.3384
1.3208
1.3233
1.3183
1.3122
1.3095
1.3098
1.3115
1.3163
1.3118
1.3222
1.3282
1.3368
1.3353
1.3305
1.3149
1.3012
1.2911
1.2947
1.2973
1.313
1.3354
1.3376
1.3383
1.3469
1.347
1.3615
1.3641
1.3688
1.3699
1.3724
1.3613
1.369
1.383
1.3802
1.3631
1.3589
1.3584
1.3631
1.373
1.3599
1.3544
1.3486
1.3488
1.3562
1.3605
1.3697
1.3651
1.3742
1.3802
1.3747
1.3801
1.3776
1.3863
1.3966
1.3983
1.3972
1.3903
1.3904
1.3792
1.3906
1.3987
1.3993
1.3895
1.4022
1.4181
1.4223
1.4194
1.4089
1.4173
1.4084
1.4089
1.4106
1.4129
1.4155
1.4225
1.422
1.4223
1.4328
1.4308
1.4472
1.4431
1.4479
1.4437
1.4488
1.4431
1.4234
1.4337
1.452
1.455
1.4571
1.4635
1.4783
1.4821
1.4808
1.4826
1.4822
1.4826
1.4536
1.4339
1.4356
1.441
1.4193
1.4243
1.4101
1.4161
1.4234
1.4235
1.4309
1.4152
1.4047
1.4098
1.4084
1.4138
1.4299
1.4392
1.4327
1.4492
1.4636
1.4573
1.469
1.4577
1.4504
1.4336
1.4415
1.444
1.418
1.4211
1.4304
1.4302
1.4405
1.4352
1.4259
1.4185
1.4278
1.4369
1.4432
1.4501
1.453
1.4416
1.4316
1.436
1.4263
1.403
1.3973
1.4153
1.4141
1.4158
1.4119
1.4149
1.421
1.4417
1.4356
1.4377
1.4508
1.4364
1.4323
1.4384
1.425
1.4201
1.4318
1.4103
1.4293
1.4173
1.4367
1.4179
1.4221
1.4246
1.4439
1.4406
1.4429
1.4334
1.44
1.4355
1.4433
1.4413
1.4379
1.4489
1.4509
1.4441
1.4374
1.4262
1.4199
1.3995
1.4099
1.3876
1.3651
1.3676
1.368
1.375
1.3879
1.3785
1.3691
1.3695
1.3568
1.3473
1.3505
1.3526
1.359
1.3537
1.359
1.3389
1.3184
1.3344
1.3338
1.3433
1.3372
1.3644
1.3635
1.378
1.3781
1.3879
1.3727
1.3751
1.3757
1.3782
1.3894
1.3925
1.3908
1.3907
1.4185
1.4155
1.3853
1.3703
1.374
1.3821
1.3781
1.3769
1.3834
1.3548
1.3606
1.3754
1.363
1.3536
1.3456
1.3458
1.3519
1.3498
1.3511
1.3334
1.3232
1.3309
1.3331
1.3441
1.3458
1.3401
1.3389
1.3397
1.3409
1.3343
1.3376
1.3185
1.3033
1.2977
1.3016
1.3034
1.2993
1.3081
1.3038
1.3047
1.3038
1.3065
1.2939
1.2959
1.294
1.3044
1.2943
1.2779
1.2717
1.2763
1.2775
1.2705
1.282
1.2681
1.2738
1.286
1.2962
1.2933
1.3026
1.302
1.3106
1.3103
1.3215
1.3134
1.3077
1.3159
1.3143
1.3141
1.3123
1.3262
1.3255
1.3285
1.3177
1.3192
1.3118
1.3067
1.3133
1.3152
1.3236
1.3243
1.3371
1.3455
1.3394
1.3466
1.3324
1.3312
1.3204
1.3212
1.3111
1.3152
1.3273
1.3109
1.3155
1.3082
1.3028
1.3081
1.3173
1.3239
1.3224
1.3215
1.3196
1.3267
1.3356
1.3312
1.3314
1.3301
1.3344
1.3321
1.3233
1.3139
1.3066
1.3107
1.3081
1.3107
1.3188
1.3072
1.3141
1.3124
1.3119
1.3136
1.3221
1.316
1.319
1.3216
1.3238
1.3246
1.3239
1.3234
1.3159
1.3149
1.3085
1.305
1.3002
1.2935
1.2937
1.2918
1.2824
1.2728
1.2718
1.2691
1.2769
1.2814
1.2684
1.2579
1.2526
1.2514
1.249
1.2366
1.2361
1.2424
1.2494
1.245
1.2578
1.2558
1.2515
1.248
1.2502
1.2555
1.2632
1.2653
1.2572
1.2685
1.2701
1.2542
1.2569
1.2499
1.2495
1.2466
1.2439
1.2655
1.2579
1.2606
1.2391
1.229
1.2315
1.225
1.2237
1.22
1.2245
1.2272
1.2295
1.2281
1.228
1.216
1.2136
1.2062
1.2152
1.228
1.2317
1.2258
1.23
1.2224
1.2175
1.2382
1.2401
1.24
1.2363
1.2302
1.2288
1.2331
1.2321
1.2284
1.2357
1.2328
1.2344
1.2471
1.2521
1.256
1.2513
1.2496
1.2563
1.2526
1.2502
1.2573
1.256
1.2602
1.2631
1.2813
1.2757
1.2853
1.2901
1.2989
1.3125
1.311
1.3044
1.3048
1.2964
1.2986
1.2928
1.2902
1.287
1.2913
1.2847
1.2885
1.292
1.2903
1.3017
1.3031
1.2966
1.2878
1.2887
1.2924
1.2957
1.295
1.3056
1.3118
1.3065
1.3025
1.3059
1.2981
1.297
1.2928
1.2935
1.2899
1.2957
1.2957
1.2942
1.283
1.2791
1.2813
1.2769
1.275
1.2709
1.2707
1.2705
1.2735
1.2779
1.2741
1.2813
1.2815
1.2825
1.2977
1.2971
1.2939
1.294
1.2971
1.2997
1.3053
1.3093
1.3067
1.2971
1.2925
1.2942
1.3002
1.3074
1.3073
1.3162
1.3161
1.3225
1.3229
1.3242
1.3181
1.3188
1.322
1.3233
1.3215
1.3188
1.3182
1.305
1.3072
1.3116
1.308
1.3061
1.3258
1.3343
1.3372
1.3304
1.3287
1.3376
1.3313
1.332
1.3319
1.3377
1.3455
1.3455
1.3493
1.3565
1.3577
1.3646
1.3513
1.3584
1.3519
1.3395
1.3365
1.3404
1.3454
1.3448
1.3355
1.3362
1.339
1.3282
1.3186
1.3184
1.3079
1.3058
1.3139
1.306
1.3021
1.3027
1.3047
1.2976
1.3103
1.2998
1.3047
1.3034
1.2958
1.3
1.3068
1.2954
1.2879
1.2933
1.2898
1.2987
1.2852
1.2861
1.2779
1.2814
1.285
1.2818
1.2845
1.2934
1.2996
1.3007
1.3079
1.3069
1.3102
1.3107
1.3034
1.3175
1.3028
1.305
1.3053
1.3064
1.3002
1.3014
1.3009
1.3028
1.3099
1.3166
1.318
1.3063
1.3113
1.3075
1.3079
1.3152
1.3042
1.2989
1.2977
1.2918
1.2885
1.2881
1.2834
1.2882
1.2905
1.2859
1.2935
1.2935
1.2854
1.2938
1.3048
1.2995
1.3076
1.308
1.3093
1.3246
1.3214
1.3256
1.3313
1.3337
1.3374
1.3343
1.3367
1.3395
1.3295
1.3218
1.3121
1.3118
1.3083
1.3011
1.3036
1.301
1.3061
1.2979
1.3009
1.2829
1.2869
1.278
1.2976
1.3092
1.3067
1.3063
1.3163
1.3125
1.3108
1.3138
1.3186
1.3222
1.3198
1.3276
1.3279
1.3263
1.3262
1.33
1.3209
1.328
1.3258
1.3305
1.3336
1.3379
1.3342
1.3298
1.3263
1.3254
1.3343
1.3326
1.3333
1.3416
1.3354
1.3355
1.3378
1.3368
1.3391
1.3339
1.3237
1.3221
1.3172
1.3206
1.3117
1.3177
1.3252
1.3267
1.331
1.3299
1.3301
1.3334
1.3355
1.3523
1.3529
1.3522
1.3492
1.3472
1.3525
1.3488
1.352
1.3522
1.3527
1.358
1.3618
1.3553
1.358
1.3571
1.3522
1.3518
1.354
1.356
1.3524
1.3529
1.3675
1.3685
1.3677
1.3781
1.3776
1.3799
1.3804
1.3784
1.3745
1.3735
1.3584
1.349
1.3513
1.3474
1.3514
1.3416
1.3363
1.3404
1.3434
1.3488
1.3455
1.3493
1.3506
1.3538
1.3441
1.3478
1.3554
1.3517
1.3573
1.3577
1.3589
1.3541
1.3588
1.3593
1.3665
1.3704
1.3739
1.376
1.3786
1.3751
1.3736
1.3761
1.3764
1.3685
1.3662
1.3673
1.3694
1.3677
1.369
1.3741
1.3799
1.375
1.3669
1.3587
1.3627
1.3614
1.3577
1.3603
1.3666
1.367
1.3676
1.3603
1.362
1.3536
1.356
1.3546
1.3694
1.3676
1.3673
1.3669
1.3664
1.3554
1.3487
1.3529
1.3516
1.3531
1.359
1.3634
1.3643
1.3636
1.3593
1.3679
1.3691
1.3757
1.3732
1.3719
1.3736
1.3734
1.3743
1.3686
1.3709
1.3798
1.3733
1.3741
1.3733
1.3859
1.3872
1.3876
1.3859
1.3903
1.3867
1.3908
1.3922
1.3933
1.383
1.3777
1.3792
1.3838
1.3824
1.3782
1.3741
1.3752
1.3772
1.3792
1.3766
1.3718
1.3701
1.374
1.3796
1.3854
1.3887
1.3884
1.3819
1.3813
1.3815
1.3813
1.3793
1.3804
1.3817
1.3831
1.3833
1.3849
1.3811
1.3866
1.3867
1.3872
1.3874
1.3927
1.391
1.3838
1.3758
1.3755
1.3701
1.3714
1.371
1.3692
1.3708
1.3702
1.3685
1.3655
1.363
1.3635
1.359
1.3601
1.3631
1.3595
1.3627
1.3597
1.3659
1.3643
1.3591
1.3546
1.3529
1.3549
1.3536
1.3572
1.3546
1.3594
1.3606
1.36
1.3602
1.3605
1.3627
1.361
1.3646
1.3691
1.3679
1.3658
1.3608
1.3603
1.3609
1.3641
1.3608
1.3608
1.3618
1.3568
1.3525
1.3526
1.3524
1.3523
1.3465
1.3462
1.3461
1.3429
1.3438
1.3407
1.3395
1.3388
1.3429
1.342
1.3375
1.3382
1.3362
1.3385
1.3383
1.3368
1.3362
1.3365
1.3397
1.3362
1.3319
1.326
1.3281
1.324
1.3194
1.3168
1.3192
1.3181
1.3134
1.3132
1.315
1.2943
1.2953
1.2894
1.2938
1.2916
1.2919
1.296
1.294
1.2957
1.2862
1.2922
1.2831
1.2849
1.2849
1.2779
1.275
1.268
1.2685
1.263
1.2624
1.2668
1.2514
1.2653
1.2668
1.2733
1.2689
1.2622
1.2745
1.266
1.2837
1.2808
1.2758
1.2799
1.2715
1.2644
1.2646
1.2668
1.2696
1.2732
1.2632
1.2612
1.2524
1.2482
1.2545
1.2485
1.2373
1.2451
1.2419
1.2472
1.2438
1.2473
1.2521
1.2449
1.2534
1.2552
1.2539
1.2391
1.244
1.2473
1.2506
1.2448
1.2469
1.2381
1.231
1.2379
1.2285
1.2317
1.2373
1.2446
1.241
1.2456
1.2437
1.2508
1.2343
1.2285
1.2228
1.2228
1.2171
1.2194
1.2175
1.2154
1.2156
1.2097
1.2
1.1932
1.1891
1.1839
1.1794
1.1839
1.1833
1.1772
1.1786
1.163
1.1567
1.1548
1.1609
1.1364
1.1207
1.1238
1.138
1.1286
1.1319
1.1283
1.1337
1.1477
1.1342
1.1475
1.1312
1.1323
1.1317
1.1333
1.1402
1.1389
1.1409
1.1396
1.1366
1.1379
1.1334
1.1339
1.136
1.1197
1.1193
1.1182
1.1175
1.1078
1.1028
1.0843
1.0847
1.0698
1.0545
1.0634
1.0493
1.0563
1.0594
1.0869
1.0654
1.0817
1.0946
1.0923
1.0969
1.0882
1.089
1.0832
1.0738
1.0761
1.0879
1.0923
1.0815
1.0779
1.0658
1.0603
1.0564
1.0652
1.0685
1.076
1.0808
1.0736
1.0734
1.0724
1.0823
1.087
1.0887
1.0981
1.1125
1.1221
1.1198
1.1148
1.1184
1.1347
1.1265
1.1209
1.1153
1.1213
1.1351
1.1407
1.1445
1.1313
1.1148
1.1095
1.1112
1.1015
1.0874
1.0904
1.0949
1.0986
1.0927
1.1151
1.1275
1.1238
1.1114
1.1291
1.1283
1.1324
1.1258
1.1266
1.1283
1.1248
1.1337
1.1359
1.1352
1.1341
1.1167
1.1205
1.1205
1.1167
1.1236
1.1147
1.1053
1.1084
1.1114
1.1056
1.1011
1.1077
1.1036
1.1162
1.1002
1.1009
1.095
1.0875
1.083
1.0825
1.0935
1.0929
1.0984
1.0984
1.1088
1.106
1.0984
1.0932
1.0984
1.095
1.0881
1.0906
1.0925
1.0967
1.1019
1.1042
1.1159
1.115
1.1109
1.1078
1.1024
1.112
1.1242
1.1386
1.1619
1.1517
1.1314
1.1246
1.1185
1.1211
1.1315
1.1227
1.1123
1.1149
1.117
1.1203
1.1207
1.128
1.1338
1.1317
1.1269
1.129
1.1435
1.1298
1.119
1.112
1.1186
1.123
1.1195
1.1244
1.1249
1.1177
1.1195
1.1216
1.1188
1.1272
1.1237
1.1276
1.1358
1.1358
1.1379
1.1474
1.1386
1.1348
1.1327
1.1346
1.1339
1.1109
1.1018
1.1058
1.1051
1.0923
1.0977
1.1006
1.1016
1.0964
1.0866
1.0884
1.0741
1.0752
1.0724
1.0743
1.0814
1.0773
1.0686
1.0642
1.066
1.0734
1.0646
1.0636
1.0643
1.0624
1.061
1.0593
1.0565
1.0633
1.0615
1.094
1.0881
1.0837
1.0892
1.1025
1.0941
1.0986
1.0992
1.0931
1.0912
1.0826
1.0868
1.0915
1.0957
1.0912
1.0963
1.096
1.0968
1.092
1.0933
1.0862
1.0856
1.0831
1.0748
1.0781
1.0932
1.0922
1.0859
1.0858
1.0877
1.0865
1.0916
1.0892
1.0908
1.089
1.0874
1.0796
1.0849
1.087
1.0893
1.094
1.0831
1.0888
1.0919
1.1105
1.1209
1.1158
1.1193
1.1293
1.1292
1.1323
1.1256
1.1156
1.1144
1.1128
1.1107
1.113
1.103
1.102
1.1013
1.1018
1.0934
1.0873
1.0868
1.0868
1.0957
1.1005
1.1014
1.1011
1.0999
1.1177
1.1156
1.1103
1.1109
1.1224
1.1318
1.127
1.1241
1.1217
1.1181
1.1174
1.1167
1.1196
1.1291
1.1338
1.138
1.1391
1.1391
1.1384
1.1399
1.1378
1.1399
1.1408
1.1386
1.1274
1.1268
1.1284
1.1313
1.1358
1.1297
1.1288
1.1222
1.1268
1.1297
1.1322
1.1352
1.1451
1.1534
1.1496
1.1487
1.1405
1.1404
1.1383
1.1372
1.1426
1.1377
1.1309
1.1321
1.1313
1.1216
1.1203
1.1224
1.122
1.1141
1.1155
1.1194
1.1115
1.1138
1.1132
1.1188
1.1151
1.1367
1.1355
1.1358
1.1395
1.1316
1.1251
1.1292
1.1207
1.126
1.1225
1.1277
1.1314
1.1242
1.1296
1.1385
1.1117
1.1025
1.1065
1.1125
1.1106
1.1136
1.1154
1.1076
1.11
1.1063
1.1051
1.1058
1.1061
1.109
1.112
1.1035
1.1075
1.1021
1.1015
1.1026
1.0977
1.0995
1.0986
1.1058
1.1077
1.1174
1.1163
1.1224
1.1149
1.113
1.1086
1.1088
1.1117
1.1176
1.1137
1.1162
1.1184
1.1279
1.1289
1.1354
1.1325
1.132
1.1305
1.1264
1.1285
1.1198
1.1189
1.1143
1.1158
1.1197
1.1156
1.1147
1.1255
1.1239
1.126
1.1233
1.1235
1.122
1.125
1.1244
1.1155
1.1175
1.1151
1.1189
1.1208
1.1226
1.1254
1.1215
1.1217
1.1222
1.1235
1.1211
1.1204
1.1205
1.1151
1.1201
1.1139
1.1054
1.1007
1.1056
1.0972
1.1
1.0981
1.0974
1.0929
1.0884
1.0882
1.0889
1.0908
1.0897
1.0985
1.0981
1.1055
1.1098
1.1105
1.1141
1.1041
1.1026
1.091
1.0893
1.0855
1.0737
1.0722
1.0691
1.0626
1.0588
1.063
1.0627
1.0553
1.0554
1.0589
1.0614
1.065
1.0589
1.0661
1.0664
1.0764
1.0718
1.0753
1.0615
1.0561
1.0635
1.0626
1.0536
1.0414
1.0451
1.0402
1.0388
1.0424
1.0437
1.0456
1.0455
1.0457
1.0413
1.049
1.0517
1.0455
1.0405
1.0489
1.0607
1.0532
1.0574
1.0554
1.0582
1.0613
1.0643
1.0601
1.0713
1.063
1.0664
1.0703
1.0765
1.0731
1.0748
1.0682
1.0699
1.0695
1.0798
1.0769
1.0759
1.0783
1.075
1.0683
1.0698
1.0655
1.0643
1.0598
1.0578
1.0601
1.0674
1.0616
1.0614
1.0536
1.0558
1.0582
1.0563
1.0587
1.0576
1.0547
1.0507
1.0622
1.0582
1.0566
1.0541
1.0577
1.0673
1.0653
1.0604
1.0734
1.0766
1.0738
1.0739
1.0811
1.0797
1.0783
1.0798
1.0864
1.0814
1.0766
1.0674
1.0652
1.067
1.0674
1.0663
1.0644
1.0591
1.0596
1.0605
1.0665
1.0613
1.0618
1.0643
1.073
1.0711
1.0717
1.0728
1.0868
1.0926
1.0904
1.0873
1.0895
1.0899
1.093
1.0886
1.0985
1.0998
1.0924
1.0874
1.0868
1.0861
1.0931
1.0975
1.1083
1.1159
1.1103
1.1206
1.1237
1.1183
1.1219
1.121
1.1183
1.1164
1.1186
1.1244
1.1213
1.1279
1.1254
1.1277
1.1257
1.1214
1.1195
1.1203
1.1211
1.1218
1.1145
1.1198
1.1149
1.1134
1.1168
1.1152
1.1194
1.1182
1.1339
1.1378
1.1441
1.1426
1.1364
1.1346
1.1352
1.1423
1.1401
1.1399
1.1467
1.1412
1.1398
1.147
1.1478
1.1554
1.1515
1.1631
1.1663
1.1642
1.1647
1.1734
1.1677
1.1751
1.1842
1.1802
1.1856
1.187
1.1773
1.1795
1.1752
1.1759
1.1772
1.1821
1.178
1.1735
1.1767
1.1723
1.1761
1.1815
1.1762
1.1807
1.1799
1.1924
1.1979
1.1972
1.1884
1.191
1.186
1.1896
1.1914
1.1917
1.2023
1.2036
1.1953
1.1967
1.1885
1.1919
1.1945
1.1954
1.1994
1.1892
1.1941
1.1951
1.1848
1.1793
1.1745
1.1786
1.1814
1.1733
1.1744
1.1759
1.1711
1.173
1.174
1.1808
1.1859
1.183
1.182
1.1796
1.1766
1.1787
1.1852
1.1784
1.1749
1.1761
1.1813
1.1651
1.1608
1.1651
1.1646
1.1619
1.1658
1.1608
1.161
1.1587
1.1595
1.1642
1.1665
1.1667
1.1798
1.1791
1.177
1.179
1.1733
1.1738
1.1822
1.1851
1.1933
1.1898
1.184
1.1847
1.1904
1.1896
1.1866
1.1826
1.1796
1.1773
1.1773
1.1769
1.1742
1.1826
1.1778
1.1749
1.1782
1.184
1.1871
1.1874
1.1862
1.187
1.1858
1.1888
1.1943
1.2005
1.2012
1.2059
1.2015
1.2068
1.2029
1.1967
1.1937
1.1948
1.2032
1.2202
1.2264
1.226
1.2186
1.2238
1.2222
1.2262
1.2299
1.2408
1.2396
1.2427
1.2383
1.2402
1.2414
1.251
1.2463
1.2367
1.2377
1.2264
1.2247
1.2252
1.2292
1.2352
1.2451
1.2506
1.2406
1.2407
1.2337
1.2284
1.233
1.2297
1.2297
1.229
1.232
1.2232
1.22
1.2274
1.232
1.232
1.232
1.234
1.2419
1.2416
1.2311
1.2311
1.2311
1.2312
1.2343
1.2396
1.2379
1.2311
1.23
1.23
1.2284
1.234
1.2252
1.2352
1.2329
1.2362
1.2362
1.2358
1.2461
1.2413
1.2315
1.2306
1.2327
1.2327
1.2317
1.2297
1.2282
1.229
1.2256
1.2288
1.2288
1.2274
1.2327
1.2367
1.2375
1.2334
1.2336
1.2336
1.2337
1.2387
1.2377
1.2382
1.2349
1.2288
1.2288
1.2279
1.2213
1.2243
1.2176
1.2112
1.2131
1.2131
1.2124
1.2085
1.1995
1.1956
1.1993
1.1966
1.1966
1.196
1.1942
1.1871
1.185
1.1919
1.1949
1.1949
1.1955
1.1936
1.1826
1.1819
1.1795
1.1773
1.1773
1.177
1.1794
1.1791
1.1712
1.1726
1.1666
1.1666
1.1692
1.1629
1.1542
1.1669
1.1696
1.1666
1.1666
1.1671
1.1704
1.1729
1.1786
1.1797
1.177
1.177
1.1784
1.1778
1.1751
1.1808
1.157
1.1605
1.1605
1.1597
1.1633
1.1594
1.1582
1.1609
1.1654
1.1654
1.1664
1.1704
1.1654
1.1567
1.1566
1.169
1.169
1.1684
1.1645
1.166
1.1665
1.1696
1.1759
1.1759
1.1755
1.1759
1.173
1.1678
1.1667
1.1689
1.1689
1.1681
1.1714
1.1656
1.1648
1.1659
1.1733
1.1733
1.1733
1.1697
1.1688
1.1741
1.1647
1.1654
1.1654
1.166
1.1707
1.1689
1.1663
1.1585
1.1583
1.1583
1.1562
1.1559
1.1603
1.161
1.1524
1.1423
1.1423
1.1395
1.1401
1.1347
1.1343
1.1374
1.1449
1.1449
1.1438
1.1489
1.1574
1.1588
1.1542
1.1633
1.1633
1.1649
1.1683
1.1691
1.1709
1.1664
1.1621
1.1621
1.16
1.1615
1.1586
1.1635
1.162
1.1572
1.1572
1.1561
1.1594
1.1596
1.1627
1.1693
1.1635
1.1635
1.1673
1.1679
1.1671
1.1779
1.1769
1.1769
1.1749
1.1766
1.1751
1.1638
1.1621
1.1621
1.1577
1.155
1.1487
1.1516
1.1534
1.1534
1.1493
1.1496
1.1533
1.1593
1.1575
1.1575
1.1584
1.1575
1.1501
1.1455
1.1531
1.1531
1.1467
1.1472
1.1399
1.1375
1.1424
1.1424
1.1373
1.1343
1.1317
1.1405
1.1389
1.1389
1.1411
1.142
1.1431
1.1365
1.1337
1.1337
1.1223
1.1295
1.1313
1.1329
1.1421
1.1421
1.1453
1.1367
1.1383
1.1405
1.1342
1.1342
1.1331
1.1294
1.1368
1.1388
1.1318
1.1318
1.1353
1.1341
1.1347
1.1377
1.1382
1.1382
1.1353
1.1319
1.1371
1.1358
1.1309
1.1309
1.1348
1.1369
1.138
1.1451
1.1383
1.1383
1.1399
1.1402
1.1356
1.1429
1.1438
1.1438
1.1482
1.1465
1.1338
1.1394
1.1396
1.1396
1.1476
1.144
1.1546
1.1499
1.147
1.147
1.1468
1.1406
1.1396
1.1388
1.1372
1.1372
1.137
1.1362
1.1379
1.1307
1.14
1.14
1.1428
1.1435
1.1482
1.1446
1.1457
1.1457
1.1436
1.1406
1.1364
1.1343
1.1335
1.1335
1.1276
1.1329
1.1255
1.1296
1.1296
1.1296
1.131
1.1338
1.1345
1.1339
1.1342
1.1342
1.1358
1.1392
1.1372

