0.712
0.711
0.7022
0.7091
0.705
0.706
0.709
0.7074
0.7062
0.6995
0.7003
0.703
0.7015
0.6993
0.6969
0.6964
0.694
0.6919
0.6902
0.6883
0.6918
0.6908
0.6886
0.6898
0.6911
0.69
0.6958
0.6916
0.6908
0.6856
0.6879
0.6847
0.6826
0.6782
0.6821
0.6891
0.6883
0.6873
0.6763
0.6763
0.6747
0.6707
0.6738
0.6769
0.6726
0.6728
0.6738
0.6682
0.6735
0.6749
0.6744
0.6732
0.669
0.6703
0.6664
0.666
0.6675
0.6635
0.6641
0.6644
0.6686
0.6724
0.6696
0.6802
0.6749
0.6691
0.6708
0.6706
0.6666
0.6692
0.6652
0.6629
0.6614
0.6593
0.6604
0.658
0.6569
0.6565
0.6587
0.6587
0.658
0.6574
0.6567
0.6522
0.6565
0.6584
0.66
0.6635
0.6596
0.6581
0.6576
0.6579
0.6591
0.6585
0.6589
0.6612
0.6602
0.663
0.6614
0.6541
0.6524
0.651
0.6482
0.6451
0.6428
0.6439
0.6434
0.651
0.6532
0.6528
0.6512
0.6479
0.6538
0.6485
0.6484
0.6507
0.65
0.6489
0.6533
0.6561
0.6572
0.6534
0.6566
0.6553
0.6502
0.6505
0.6551
0.6546
0.6553
0.6563
0.6515
0.6527
0.6525
0.6509
0.6526
0.6516
0.663
0.6671
0.6674
0.6652
0.6692
0.6677
0.6675
0.6633
0.6591
0.661
0.6592
0.6644
0.6666
0.6686
0.6667
0.6632
0.6609
0.6621
0.6586
0.6602
0.6553
0.6559
0.6579
0.6612
0.6553
0.661
0.6571
0.6572
0.6583
0.6584
0.6584
0.6596
0.6646
0.6614
0.6596
0.6543
0.6443
0.64
0.6478
0.6439
0.6439
0.6389
0.6412
0.6386
0.6423
0.6405
0.6378
0.6356
0.6357
0.6386
0.6472
0.6495
0.6473
0.6483
0.6483
0.6454
0.6489
0.6436
0.644
0.6493
0.6524
0.6482
0.6515
0.6487
0.6477
0.6456
0.6447
0.6446
0.641
0.6408
0.6382
0.6414
0.6408
0.6395
0.6396
0.6374
0.6396
0.6429
0.6411
0.6405
0.6415
0.6408
0.6381
0.637
0.6369
0.6403
0.6368
0.6362
0.6365
0.6325
0.6334
0.6322
0.6283
0.6312
0.6295
0.6258
0.6255
0.631
0.6308
0.6319
0.6288
0.6245
0.6245
0.6238
0.6267
0.6307
0.6283
0.6311
0.625
0.6277
0.6271
0.6258
0.6234
0.621
0.6241
0.6253
0.6253
0.6296
0.6287
0.6266
0.6283
0.6266
0.6268
0.6254
0.6225
0.6204
0.6187
0.6161
0.6151
0.6112
0.6095
0.6082
0.6105
0.6028
0.6027
0.5993
0.6014
0.607
0.6198
0.6171
0.6133
0.6117
0.6141
0.6117
0.6195
0.6174
0.6146
0.6133
0.6148
0.6153
0.6223
0.6255
0.6206
0.6108
0.6085
0.6111
0.6133
0.6122
0.6069
0.6089
0.6064
0.6074
0.6105
0.6109
0.6102
0.6135
0.6143
0.6149
0.6171
0.6198
0.6123
0.6084
0.6122
0.6125
0.6088
0.6027
0.5967
0.6026
0.5999
0.5982
0.602
0.6073
0.6061
0.6042
0.6061
0.605
0.6034
0.6004
0.6057
0.6023
0.6
0.595
0.594
0.5941
0.5821
0.5858
0.5784
0.5874
0.5892
0.583
0.5727
0.5771
0.5871
0.5855
0.5925
0.5993
0.5994
0.605
0.605
0.6032
0.5977
0.6028
0.6029
0.6047
0.6137
0.6126
0.6197
0.6239
0.6214
0.6243
0.6229
0.6275
0.6237
0.6244
0.6315
0.6329
0.6315
0.6299
0.6367
0.6388
0.6314
0.6361
0.6326
0.6286
0.6298
0.6187
0.6228
0.6255
0.6273
0.6213
0.6265
0.6279
0.6275
0.6318
0.6306
0.6264
0.6309
0.6276
0.6254
0.6231
0.6243
0.6261
0.6175
0.6169
0.6174
0.6167
0.6158
0.6185
0.6221
0.6151
0.6141
0.6177
0.6126
0.6111
0.6052
0.6034
0.5989
0.5992
0.5994
0.6063
0.6012
0.6013
0.6069
0.6099
0.6115
0.6082
0.6058
0.6048
0.6062
0.6082
0.6138
0.6123
0.6126
0.6122
0.6137
0.6142
0.6113
0.6052
0.6058
0.6121
0.6108
0.6144
0.6096
0.614
0.6108
0.6067
0.6037
0.6017
0.5977
0.6027
0.6021
0.6032
0.6032
0.6008
0.5985
0.5974
0.5998
0.5994
0.6016
0.6003
0.5992
0.5992
0.5933
0.5865
0.5888
0.587
0.5889
0.581
0.5827
0.5798
0.5746
0.5761
0.5775
0.5774
0.5764
0.5795
0.5858
0.5933
0.5936
0.5982
0.6038
0.5998
0.6007
0.6048
0.6028
0.5958
0.5998
0.6006
0.5985
0.5961
0.5979
0.5944
0.6003
0.5988
0.6011
0.604
0.6021
0.612
0.6095
0.6107
0.6144
0.6176
0.6159
0.6117
0.6024
0.6067
0.6021
0.6052
0.606
0.606
0.6091
0.616
0.6217
0.6249
0.6271
0.6218
0.6223
0.6309
0.6327
0.6221
0.6322
0.6366
0.6328
0.634
0.6297
0.6351
0.6439
0.6398
0.6347
0.6403
0.6381
0.6401
0.6375
0.6344
0.6329
0.6324
0.6286
0.6332
0.6396
0.6347
0.6366
0.6355
0.6377
0.6394
0.6353
0.6401
0.6415
0.6334
0.6302
0.6242
0.6311
0.6301
0.6298
0.6248
0.6302
0.6301
0.6363
0.6386
0.6389
0.6369
0.633
0.6361
0.6358
0.6345
0.6351
0.6332
0.631
0.6306
0.6248
0.6259
0.6306
0.6336
0.6255
0.6251
0.6246
0.6245
0.623
0.6163
0.6184
0.6183
0.62
0.6261
0.6288
0.6277
0.628
0.6208
0.6208
0.6181
0.6194
0.6177
0.6169
0.6181
0.6214
0.6248
0.624
0.623
0.6225
0.6265
0.6208
0.6196
0.6225
0.6232
0.6193
0.62
0.6189
0.6201
0.6224
0.6194
0.6161
0.6157
0.6166
0.6175
0.6161
0.6117
0.6089
0.6057
0.6032
0.6076
0.6047
0.6011
0.6003
0.596
0.5955
0.598
0.6043
0.6089
0.6101
0.6163
0.6144
0.621
0.6138
0.6152
0.6128
0.6122
0.6092
0.612
0.6034
0.6064
0.6077
0.6098
0.6063
0.5989
0.5997
0.5979
0.6023
0.5965
0.6
0.6037
0.6056
0.61
0.6062
0.6087
0.6091
0.6132
0.614
0.6097
0.6099
0.6119
0.6146
0.6168
0.6145
0.6163
0.613
0.6146
0.6142
0.6168
0.6185
0.6215
0.6195
0.6208
0.6256
0.6272
0.6306
0.6318
0.6349
0.6307
0.6348
0.633
0.6309
0.6311
0.6322
0.6331
0.6311
0.6277
0.6265
0.6282
0.6276
0.6147
0.6071
0.615
0.6206
0.616
0.6245
0.6197
0.6193
0.6257
0.6303
0.6316
0.6315
0.6319
0.6276
0.6262
0.6268
0.6256
0.6225
0.6179
0.6199
0.6252
0.6192
0.6217
0.6189
0.6247
0.626
0.6271
0.6244
0.6269
0.6271
0.6267
0.6241
0.6257
0.6261
0.6259
0.624
0.6253
0.6225
0.6215
0.6217
0.6231
0.6184
0.6164
0.6176
0.6155
0.6136
0.6133
0.6137
0.6131
0.6145
0.6109
0.6119
0.6158
0.6195
0.622
0.6217
0.6199
0.6225
0.6232
0.6241
0.6223
0.6217
0.6293
0.6254
0.6255
0.627
0.6263
0.6205
0.6204
0.62
0.6208
0.6197
0.6217
0.6182
0.62
0.6207
0.6208
0.617
0.608
0.6054
0.6083
0.61
0.6115
0.624
0.6244
0.6185
0.62
0.6205
0.6197
0.6184
0.6159
0.6172
0.6125
0.6137
0.6134
0.6148
0.6198
0.6165
0.6159
0.6147
0.6112
0.612
0.6085
0.6083
0.6078
0.6112
0.6123
0.6144
0.6157
0.6168
0.6163
0.6115
0.6098
0.6105
0.6099
0.612
0.6089
0.6099
0.6111
0.6097
0.6094
0.6096
0.6132
0.6095
0.6109
0.6118
0.6159
0.6172
0.6145
0.616
0.6185
0.6184
0.6211
0.6194
0.6184
0.6192
0.6197
0.618
0.6152
0.6147
0.6147
0.6123
0.6106
0.6111
0.6121
0.6133
0.6122
0.6131
0.6112
0.6128
0.6126
0.6136
0.6115
0.6112
0.6127
0.6157
0.6154
0.6153
0.6127
0.6138
0.6158
0.6164
0.6184
0.619
0.6172
0.6184
0.6171
0.6244
0.6248
0.6236
0.6208
0.6226
0.6242
0.6253
0.6223
0.6246
0.6259
0.631
0.6312
0.6299
0.6343
0.6329
0.6306
0.6362
0.6397
0.6392
0.6409
0.6426
0.6437
0.6431
0.6485
0.646
0.6463
0.6441
0.6414
0.6405
0.6398
0.6379
0.6381
0.6418
0.6439
0.6486
0.646
0.649
0.6423
0.6464
0.6466
0.6465
0.642
0.6415
0.6389
0.6418
0.6413
0.6386
0.6361
0.638
0.6392
0.6422
0.6409
0.6426
0.6412
0.6382
0.6324
0.6326
0.634
0.6303
0.6273
0.6246
0.6246
0.627
0.6283
0.6279
0.6282
0.6331
0.6314
0.6363
0.6389
0.64
0.6372
0.639
0.6398
0.6391
0.6401
0.6398
0.6367
0.6398
0.6385
0.6404
0.6379
0.6356
0.633
0.6369
0.6341
0.6327
0.6291
0.6289
0.6269
0.6279
0.6286
0.6264
0.6288
0.6318
0.6307
0.6335
0.6316
0.6305
0.6293
0.6269
0.6266
0.6278
0.6288
0.6274
0.6283
0.6286
0.6252
0.6274
0.6298
0.6322
0.6303
0.6319
0.6332
0.6318
0.6313
0.6259
0.6284
0.6309
0.6322
0.6301
0.6289
0.6292
0.6311
0.6312
0.6313
0.6327
0.6364
0.6406
0.6395
0.6414
0.6386
0.637
0.6364
0.6367
0.6353
0.6359
0.6386
0.6378
0.6349
0.6367
0.6334
0.6305
0.6337
0.6398
0.64
0.6382
0.6395
0.6343
0.6373
0.6368
0.6402
0.6394
0.6409
0.6391
0.6437
0.6437
0.6425
0.6426
0.6402
0.6403
0.641
0.6435
0.6462
0.6483
0.6508
0.6545
0.6506
0.6493
0.647
0.6501
0.6487
0.6505
0.6522
0.658
0.6584
0.6572
0.6575
0.6588
0.6612
0.6626
0.662
0.6619
0.6629
0.6627
0.6592
0.6578
0.6535
0.6532
0.6557
0.6602
0.6568
0.661
0.6631
0.6597
0.6629
0.6626
0.6683
0.668
0.6717
0.6726
0.6787
0.6823
0.68
0.6837
0.6806
0.6803
0.6869
0.6896
0.6884
0.6841
0.6838
0.6866
0.6902
0.6864
0.6815
0.6734
0.6789
0.6764
0.6791
0.6752
0.6773
0.6733
0.6755
0.677
0.679
0.683
0.6847
0.6901
0.6914
0.6868
0.684
0.6871
0.6879
0.6888
0.6889
0.6857
0.6848
0.6841
0.6874
0.6904
0.6924
0.695
0.695
0.6908
0.6921
0.6932
0.6913
0.6946
0.6988
0.697
0.6999
0.7025
0.7075
0.7108
0.7172
0.7155
0.7177
0.7162
0.7102
0.7016
0.7142
0.7133
0.7131
0.7109
0.7153
0.7234
0.7208
0.7169
0.7196
0.7199
0.7174
0.7203
0.714
0.7128
0.7037
0.7117
0.7065
0.7051
0.705
0.7088
0.7051
0.6995
0.6964
0.6977
0.6977
0.6926
0.6916
0.6892
0.6872
0.6933
0.6952
0.6951
0.6924
0.6887
0.6858
0.6917
0.6925
0.6959
0.6923
0.6982
0.7017
0.702
0.7018
0.7086
0.7086
0.7094
0.7146
0.7099
0.7103
0.7068
0.7044
0.7022
0.6972
0.6996
0.705
0.7047
0.7041
0.7027
0.7049
0.7056
0.7039
0.704
0.7034
0.7053
0.7004
0.7014
0.6975
0.6918
0.6909
0.6919
0.6921
0.6924
0.6897
0.6958
0.6896
0.6904
0.6915
0.6992
0.6988
0.7056
0.7041
0.7024
0.7044
0.7045
0.7037
0.701
0.6956
0.6948
0.6944
0.6929
0.6927
0.6923
0.691
0.6957
0.7011
0.702
0.7
0.6958
0.7011
0.7072
0.7103
0.7048
0.7086
0.7023
0.7009
0.6974
0.6924
0.6954
0.6961
0.6965
0.6975
0.6954
0.6952
0.6928
0.6877
0.6867
0.6855
0.6826
0.6837
0.6839
0.683
0.6839
0.6876
0.6868
0.6916
0.6947
0.6953
0.6975
0.6942
0.702
0.6995
0.6986
0.6989
0.6934
0.6939
0.697
0.6965
0.6962
0.6981
0.7005
0.7014
0.7032
0.7048
0.7014
0.7007
0.7002
0.703
0.7049
0.7021
0.7024
0.7002
0.7007
0.703
0.7027
0.7011
0.7016
0.7042
0.7057
0.7058
0.7013
0.7014
0.6984
0.6946
0.6961
0.6935
0.6905
0.6912
0.6898
0.6899
0.689
0.6909
0.6898
0.6894
0.6888
0.6864
0.6914
0.6855
0.683
0.6838
0.6827
0.6818
0.6842
0.6838
0.6875
0.6822
0.6782
0.6785
0.6766
0.6752
0.6741
0.6714
0.6711
0.6732
0.6719
0.6705
0.6681
0.6678
0.6684
0.6662
0.6639
0.6667
0.669
0.6696
0.67
0.6744
0.678
0.682
0.6776
0.6791
0.6768
0.6733
0.675
0.67
0.6675
0.6664
0.6644
0.6709
0.6677
0.668
0.6659
0.6668
0.6655
0.663
0.6597
0.657
0.6614
0.6588
0.6564
0.6565
0.6676
0.6683
0.6662
0.6646
0.6641
0.667
0.6701
0.6686
0.6637
0.6652
0.6679
0.6742
0.6731
0.6737
0.6733
0.6787
0.6724
0.6646
0.6665
0.6758
0.6712
0.6705
0.6749
0.6795
0.6758
0.6732
0.6727
0.6702
0.6707
0.6674
0.6671
0.6671
0.6666
0.6655
0.6656
0.6641
0.6671
0.6689
0.6681
0.6581
0.6567
0.6654
0.6633
0.6571
0.6567
0.6601
0.6612
0.6649
0.6658
0.6666
0.6663
0.6654
0.6683
0.6701
0.668
0.6727
0.6665
0.6663
0.6694
0.6675
0.666
0.6636
0.6669
0.6666
0.6647
0.666
0.6653
0.6656
0.6646
0.6601
0.6594
0.6617
0.6604
0.6627
0.6606
0.658
0.66
0.6599
0.6612
0.6668
0.6664
0.6695
0.6675
0.6722
0.6713
0.6717
0.6756
0.6763
0.6744
0.6765
0.6712
0.6738
0.6722
0.6734
0.6705
0.6709
0.6756
0.6795
0.6797
0.6786
0.6824
0.6819
0.6836
0.6822
0.6822
0.6813
0.6836
0.6792
0.6795
0.6814
0.6865
0.6838
0.6829
0.6796
0.6792
0.6797
0.6852
0.6862
0.69
0.6884
0.6908
0.6903
0.689
0.6911
0.6884
0.6877
0.6878
0.689
0.6913
0.6945
0.6937
0.6922
0.6901
0.6935
0.6953
0.6956
0.6951
0.6964
0.6962
0.6951
0.6919
0.6932
0.6976
0.6987
0.6957
0.6942
0.6979
0.7005
0.6986
0.7008
0.699
0.7007
0.7004
0.7016
0.7012
0.7
0.7006
0.7018
0.701
0.6952
0.6894
0.6893
0.6919
0.6914
0.6897
0.6891
0.6907
0.6894
0.6911
0.6896
0.6894
0.6853
0.6851
0.6876
0.6935
0.6982
0.7024
0.7039
0.7058
0.7091
0.7077
0.7061
0.7069
0.7051
0.7041
0.7021
0.6974
0.6965
0.6977
0.7007
0.7021
0.7004
0.6974
0.6951
0.6922
0.6945
0.694
0.6957
0.6943
0.6903
0.6903
0.6922
0.6922
0.6904
0.6891
0.6859
0.6867
0.6877
0.6888
0.6887
0.6883
0.6871
0.6864
0.6909
0.6893
0.6899
0.6935
0.6922
0.6909
0.6899
0.6884
0.6862
0.6863
0.6874
0.6884
0.69
0.6914
0.6953
0.6975
0.6986
0.6985
0.6952
0.6963
0.6946
0.693
0.6934
0.6933
0.6945
0.6922
0.6905
0.6894
0.6875
0.6855
0.6857
0.6848
0.6839
0.6843
0.6875
0.6856
0.6858
0.6825
0.6818
0.6808
0.6828
0.6838
0.6806
0.6815
0.6836
0.6824
0.6802
0.6813
0.6782
0.6763
0.6742
0.6788
0.68
0.6802
0.68
0.6772
0.6815
0.684
0.6839
0.6798
0.682
0.6873
0.6872
0.6889
0.6882
0.6871
0.687
0.6884
0.6879
0.6873
0.6897
0.6769
0.6727
0.6756
0.6737
0.6717
0.6693
0.6708
0.6714
0.6685
0.6701
0.666
0.6645
0.6641
0.6709
0.6657
0.6657
0.6656
0.6628
0.6625
0.6647
0.6641
0.668
0.6754
0.6762
0.6779
0.6801
0.6848
0.6882
0.6865
0.6882
0.6851
0.6876
0.6867
0.689
0.6913
0.6983
0.6947
0.6934
0.6903
0.6911
0.6915
0.691
0.6893
0.6884
0.6883
0.6938
0.6953
0.6944
0.6918
0.6918
0.6894
0.6884
0.6853
0.6824
0.6823
0.6792
0.6777
0.6768
0.679
0.6789
0.6812
0.6819
0.6823
0.6809
0.6838
0.6841
0.6809
0.6801
0.6765
0.6759
0.6753
0.6744
0.6749
0.6729
0.6733
0.6766
0.6765
0.6733
0.6734
0.6748
0.6784
0.6779
0.6782
0.6797
0.6807
0.6827
0.6814
0.6791
0.6772
0.6791
0.6844
0.6881
0.6869
0.6864
0.6862
0.6843
0.6826
0.6853
0.6827
0.6791
0.6772
0.6756
0.6772
0.6782
0.6797
0.6807
0.6803
0.6773
0.6809
0.6792
0.6742
0.6749
0.6764
0.6749
0.6745
0.6709
0.6733
0.6726
0.6751
0.6795
0.683
0.6852
0.6833
0.6858
0.6854
0.6836
0.6848
0.6854
0.6814
0.6775
0.6766
0.6763
0.6765
0.6754
0.6741
0.6728
0.6727
0.6746
0.6767
0.6781
0.6774
0.6808
0.6754
0.6782
0.6827
0.6843
0.6845
0.6891
0.6861
0.6873
0.6879
0.6893
0.6896
0.6863
0.6844
0.6833
0.6871
0.6837
0.6831
0.6847
0.6864
0.6872
0.6851
0.6884
0.6878
0.6863
0.6855
0.6843
0.6834
0.6834
0.6797
0.6793
0.682
0.6843
0.6866
0.6864
0.6878
0.682
0.683
0.686
0.6828
0.6842
0.6849
0.6822
0.683
0.6802
0.6804
0.6809
0.6794
0.6811
0.6861
0.6861
0.6867
0.6846
0.6858
0.6859
0.6899
0.6903
0.6879
0.6906
0.693
0.6939
0.6925
0.6918
0.6911
0.69
0.6905
0.6875
0.6883
0.6933
0.6965
0.6971
0.6974
0.6983
0.7005
0.6975
0.6939
0.6947
0.6942
0.6914
0.6908
0.6921
0.6925
0.6906
0.6922
0.6923
0.6927
0.6954
0.6975
0.6956
0.6918
0.6893
0.6854
0.6855
0.6855
0.6843
0.6836
0.6832
0.6856
0.6816
0.6825
0.6806
0.681
0.6767
0.6783
0.6798
0.6818
0.6818
0.6822
0.6832
0.6845
0.6833
0.685
0.6864
0.6863
0.6891
0.6894
0.6891
0.6866
0.6866
0.6832
0.684
0.6836
0.683
0.6832
0.6831
0.6829
0.6862
0.6878
0.6879
0.6897
0.6904
0.6901
0.6927
0.6911
0.6943
0.6935
0.6954
0.6923
0.6915
0.6918
0.6921
0.6881
0.6883
0.6882
0.6849
0.6832
0.683
0.6826
0.6823
0.6836
0.6856
0.6837
0.6845
0.6834
0.6834
0.6811
0.6782
0.6747
0.6731
0.6747
0.6753
0.6757
0.6729
0.6733
0.6748
0.6773
0.6803
0.6817
0.6805
0.6778
0.6752
0.6764
0.6755
0.6751
0.6756
0.6738
0.6728
0.6737
0.6763
0.6795
0.6785
0.6796
0.6808
0.6769
0.6763
0.6745
0.6733
0.6757
0.6735
0.6716
0.6718
0.6728
0.6709
0.6699
0.6723
0.6767
0.6776
0.675
0.6745
0.6741
0.6753
0.6737
0.6747
0.6762
0.6753
0.6754
0.6746
0.6732
0.6707
0.6708
0.6723
0.67
0.6702
0.6705
0.6711
0.6714
0.6708
0.6693
0.6692
0.6684
0.6696
0.6689
0.6706
0.6703
0.6694
0.6735
0.6721
0.6736
0.6759
0.679
0.6776
0.6767
0.6754
0.6763
0.676
0.6776
0.6777
0.6764
0.6758
0.6735
0.6733
0.6733
0.6749
0.6756
0.6768
0.6753
0.6762
0.6739
0.6718
0.6705
0.6702
0.6725
0.6702
0.6707
0.6717
0.6705
0.6703
0.6704
0.6699
0.6739
0.6749
0.6734
0.6741
0.6721
0.6702
0.6696
0.6629
0.6597
0.6588
0.6567
0.6566
0.6567
0.6552
0.6574
0.6586
0.6585
0.6596
0.6607
0.6608
0.6631
0.6621
0.6593
0.6594
0.6588
0.6603
0.6657
0.6551
0.6658
0.6697
0.669
0.6735
0.6742
0.672
0.6724
0.6708
0.671
0.6716
0.6749
0.6736
0.6734
0.679
0.6817
0.6797
0.6818
0.6811
0.6808
0.6824
0.6844
0.6833
0.6835
0.6852
0.684
0.6792
0.6801
0.6801
0.6786
0.677
0.6792
0.6788
0.6792
0.6783
0.6756
0.675
0.6765
0.6809
0.6806
0.681
0.6799
0.6811
0.6815
0.6799
0.6757
0.6777
0.6797
0.6785
0.6788
0.6811
0.6812
0.6824
0.6832
0.6825
0.6803
0.6831
0.6816
0.6821
0.6822
0.6808
0.6783
0.6808
0.6829
0.6841
0.6842
0.6837
0.6831
0.6841
0.6831
0.6809
0.6775
0.6764
0.6775
0.6787
0.6795
0.6792
0.6784
0.6772
0.6785
0.6776
0.6791
0.6787
0.6784
0.6737
0.6746
0.6758
0.6774
0.6763
0.6751
0.6723
0.6719
0.6736
0.6737
0.6731
0.6726
0.6712
0.6739
0.6753
0.6748
0.6758
0.6777
0.6762
0.6781
0.6762
0.6792
0.6774
0.6761
0.6735
0.6724
0.673
0.6726
0.6706
0.6705
0.668
0.6711
0.6733
0.6763
0.6737
0.6726
0.6725
0.6756
0.6788
0.6794
0.6773
0.6759
0.6764
0.6762
0.6777
0.6754
0.6767
0.6803
0.678
0.6789
0.6795
0.6765
0.6788
0.6783
0.68
0.6779
0.677
0.6761
0.6756
0.6755
0.6765
0.6779
0.6806
0.6805
0.6852
0.6859
0.6907
0.6951
0.6946
0.6977
0.6999
0.6974
0.6963
0.7002
0.7007
0.6978
0.6971
0.6963
0.6931
0.6932
0.693
0.692
0.69
0.6919
0.6924
0.6987
0.6959
0.6955
0.6971
0.6963
0.6989
0.6969
0.6979
0.6955
0.6959
0.6983
0.7012
0.699
0.6976
0.6957
0.6933
0.6941
0.6954
0.697
0.6964
0.6959
0.7017
0.7074
0.7051
0.7137
0.7148
0.7148
0.7153
0.7173
0.7194
0.7199
0.7184
0.7167
0.7126
0.7151
0.7111
0.7099
0.717
0.7212
0.7218
0.7211
0.7188
0.7203
0.7183
0.7167
0.7151
0.7118
0.7152
0.7196
0.7221
0.7243
0.7282
0.7305
0.7324
0.7381
0.7349
0.743
0.7477
0.7478
0.7462
0.7459
0.7489
0.7544
0.7551
0.76
0.7545
0.7466
0.7436
0.7476
0.746
0.748
0.7466
0.74
0.745
0.7423
0.7472
0.7474
0.7527
0.7513
0.7457
0.7456
0.7453
0.7458
0.7441
0.7433
0.7422
0.7435
0.7483
0.756
0.7576
0.7544
0.754
0.7534
0.7537
0.7633
0.7641
0.7638
0.7663
0.7657
0.7664
0.7652
0.7619
0.7634
0.7639
0.7672
0.7689
0.7764
0.7871
0.7782
0.788
0.7765
0.7765
0.7791
0.7888
0.7858
0.792
0.7953
0.79
0.7887
0.7854
0.7895
0.7898
0.7976
0.8012
0.7984
0.8019
0.8007
0.8043
0.8081
0.7986
0.7914
0.8034
0.8014
0.8027
0.7944
0.7868
0.7862
0.7902
0.7861
0.7831
0.7825
0.7855
0.7868
0.7877
0.7879
0.7926
0.794
0.7947
0.7947
0.7927
0.7959
0.796
0.7951
0.8008
0.794
0.7962
0.7936
0.7898
0.7848
0.7844
0.7897
0.7867
0.7893
0.7959
0.8007
0.792
0.791
0.7919
0.7933
0.79
0.7877
0.7926
0.7924
0.7859
0.7894
0.7895
0.7897
0.7934
0.7922
0.7918
0.7903
0.7916
0.7967
0.7913
0.7956
0.7953
0.7936
0.7978
0.8008
0.7974
0.7934
0.7915
0.7917
0.7929
0.795
0.7927
0.7852
0.7892
0.7884
0.7894
0.7874
0.7858
0.7863
0.7878
0.794
0.7909
0.791
0.7881
0.7813
0.7795
0.7866
0.798
0.7924
0.787
0.788
0.7914
0.7917
0.7931
0.799
0.796
0.7962
0.8019
0.8037
0.8054
0.814
0.8158
0.8075
0.8078
0.804
0.8021
0.7979
0.7969
0.7926
0.7919
0.7919
0.7882
0.7885
0.7895
0.7961
0.791
0.7915
0.795
0.792
0.7974
0.7917
0.7919
0.7829
0.777
0.7737
0.7782
0.7885
0.7963
0.7869
0.7819
0.7823
0.7825
0.7784
0.7754
0.7768
0.7821
0.7893
0.7959
0.7931
0.8019
0.7986
0.7895
0.7852
0.792
0.7981
0.8143
0.8127
0.8126
0.8122
0.8149
0.8135
0.8357
0.861
0.8576
0.8428
0.843
0.8367
0.8456
0.8443
0.8516
0.8444
0.8396
0.8247
0.8479
0.8527
0.8604
0.8706
0.8624
0.8676
0.8763
0.88
0.8893
0.8936
0.895
0.9029
0.9283
0.9475
0.9322
0.9394
0.9461
0.949
0.9594
0.9663
0.9744
0.956
0.9553
0.9258
0.905
0.9018
0.9002
0.8849
0.9012
0.9098
0.9031
0.8969
0.9024
0.9263
0.933
0.937
0.9401
0.9422
0.9307
0.9242
0.9056
0.8808
0.8999
0.9016
0.888
0.8742
0.8739
0.8725
0.8884
0.8964
0.9018
0.8942
0.8837
0.8816
0.8862
0.8878
0.8768
0.887
0.8949
0.8905
0.8853
0.8952
0.8938
0.892
0.888
0.8968
0.9154
0.9215
0.9258
0.926
0.923
0.9226
0.9261
0.9444
0.9415
0.9385
0.9352
0.917
0.9332
0.9351
0.9282
0.925
0.9246
0.9149
0.9136
0.9087
0.9089
0.9004
0.902
0.8974
0.8997
0.8899
0.8813
0.8826
0.881
0.8889
0.8817
0.8979
0.8923
0.9027
0.8899
0.8981
0.8978
0.8942
0.8888
0.892
0.8833
0.8809
0.8909
0.8948
0.898
0.8933
0.897
0.895
0.8896
0.8837
0.8806
0.8741
0.8767
0.8778
0.8779
0.8666
0.8741
0.8742
0.861
0.8627
0.8676
0.8766
0.8742
0.866
0.8624
0.8543
0.8504
0.8525
0.8457
0.8435
0.8501
0.8506
0.8444
0.8479
0.8551
0.8485
0.8544
0.8503
0.8498
0.8519
0.8584
0.8538
0.8583
0.8628
0.8632
0.8577
0.8597
0.8612
0.8551
0.8583
0.8602
0.863
0.8598
0.8635
0.8625
0.8583
0.8642
0.8632
0.8623
0.8574
0.8527
0.8519
0.8511
0.85
0.8475
0.8553
0.8502
0.8578
0.8584
0.8608
0.8613
0.8585
0.861
0.8536
0.8606
0.8631
0.8674
0.871
0.8749
0.877
0.8815
0.8786
0.8799
0.8796
0.8765
0.8727
0.8716
0.8782
0.8801
0.8751
0.8741
0.8824
0.8889
0.8923
0.8962
0.9038
0.9049
0.9041
0.9007
0.9125
0.9203
0.9203
0.9138
0.9142
0.9111
0.9138
0.9188
0.9244
0.9201
0.9198
0.9298
0.9351
0.9328
0.934
0.9182
0.911
0.9117
0.9115
0.9039
0.9039
0.9197
0.9106
0.9041
0.898
0.8958
0.8948
0.9006
0.8959
0.8977
0.8965
0.8931
0.8947
0.895
0.9038
0.8946
0.8935
0.8895
0.8842
0.8937
0.8952
0.9005
0.9005
0.9023
0.9055
0.9085
0.9124
0.9075
0.904
0.91
0.9024
0.9012
0.9027
0.9056
0.9049
0.8995
0.8983
0.893
0.8896
0.8876
0.8877
0.8897
0.8923
0.8979
0.9006
0.8985
0.9023
0.8919
0.8862
0.8955
0.8981
0.8995
0.8985
0.8992
0.9006
0.8962
0.8906
0.8875
0.8874
0.8734
0.8658
0.8698
0.8768
0.871
0.8716
0.867
0.8657
0.8663
0.8727
0.8739
0.8739
0.8721
0.8738
0.8755
0.8775
0.8807
0.8716
0.8672
0.8719
0.8678
0.8712
0.8799
0.8781
0.876
0.8784
0.8873
0.8941
0.9045
0.9091
0.9069
0.9032
0.9
0.9046
0.907
0.9116
0.908
0.908
0.9083
0.9029
0.8963
0.8924
0.9006
0.898
0.8976
0.895
0.8964
0.8997
0.8994
0.8898
0.8899
0.888
0.8815
0.8773
0.8753
0.8745
0.8776
0.8842
0.885
0.8827
0.8759
0.8785
0.8793
0.8741
0.8688
0.8631
0.87
0.8671
0.8632
0.8689
0.8633
0.8705
0.8654
0.8569
0.8476
0.857
0.8618
0.8604
0.8449
0.8514
0.858
0.85
0.8556
0.8515
0.8586
0.8678
0.8686
0.8568
0.8572
0.8459
0.8476
0.8479
0.8343
0.8358
0.8315
0.8277
0.8235
0.8272
0.8243
0.8235
0.8325
0.8289
0.8324
0.8354
0.8354
0.835
0.8347
0.828
0.8229
0.8259
0.8212
0.8127
0.8086
0.8184
0.8248
0.8261
0.8333
0.832
0.8368
0.8385
0.8378
0.8382
0.8343
0.837
0.8455
0.8497
0.8432
0.8408
0.8444
0.8358
0.8389
0.8332
0.8331
0.8375
0.8316
0.8292
0.8292
0.8281
0.8293
0.8327
0.8314
0.831
0.8213
0.8238
0.8176
0.8187
0.8261
0.824
0.822
0.8178
0.8159
0.8195
0.8181
0.8188
0.822
0.8188
0.8265
0.8285
0.8328
0.8345
0.8258
0.822
0.8227
0.8257
0.8345
0.8364
0.8322
0.8369
0.8346
0.84
0.8492
0.8557
0.8487
0.8524
0.8499
0.8594
0.8628
0.8676
0.8717
0.8644
0.8707
0.8767
0.8769
0.873
0.8736
0.8806
0.8779
0.8793
0.8738
0.8772
0.8739
0.8812
0.8859
0.8892
0.8875
0.8744
0.8721
0.8736
0.8694
0.8664
0.8746
0.8781
0.8733
0.8671
0.8622
0.8617
0.8549
0.8478
0.848
0.8461
0.8489
0.8502
0.8502
0.8556
0.8533
0.8469
0.8448
0.8494
0.8423
0.8344
0.8407
0.8471
0.8505
0.8465
0.8411
0.8388
0.8397
0.8367
0.8444
0.8478
0.8499
0.8464
0.8488
0.8457
0.8464
0.851
0.8498
0.8536
0.8525
0.853
0.8611
0.8574
0.8625
0.8534
0.8476
0.8409
0.8298
0.8312
0.8312
0.8329
0.8434
0.8432
0.8383
0.8417
0.8467
0.8505
0.8529
0.8646
0.8612
0.8617
0.858
0.8546
0.8565
0.8526
0.8446
0.8435
0.8432
0.8482
0.8525
0.8448
0.8461
0.8406
0.8361
0.843
0.8411
0.843
0.8461
0.8476
0.855
0.8528
0.8488
0.8471
0.849
0.8581
0.859
0.8624
0.8602
0.8581
0.8592
0.8647
0.8648
0.8704
0.8666
0.8688
0.8734
0.8718
0.867
0.868
0.8795
0.8781
0.8805
0.8812
0.8785
0.883
0.8827
0.8813
0.8727
0.8773
0.8763
0.883
0.8829
0.8903
0.8875
0.886
0.884
0.8753
0.8785
0.8847
0.8808
0.8834
0.8881
0.8889
0.8908
0.8862
0.8906
0.8988
0.8988
0.8867
0.8756
0.8754
0.8803
0.8679
0.8742
0.8712
0.8741
0.8757
0.8807
0.8812
0.8716
0.8711
0.8715
0.8648
0.8622
0.8663
0.875
0.8769
0.8849
0.8907
0.891
0.8932
0.8888
0.8861
0.8834
0.88
0.882
0.8755
0.8795
0.8831
0.8827
0.8867
0.8929
0.8906
0.8887
0.8929
0.898
0.8984
0.9033
0.9036
0.8979
0.8945
0.8988
0.8882
0.8818
0.8779
0.8786
0.8759
0.8773
0.8791
0.877
0.8798
0.883
0.8805
0.8831
0.884
0.8795
0.8752
0.8761
0.8745
0.871
0.8716
0.867
0.8717
0.8683
0.8809
0.8789
0.8759
0.8751
0.881
0.8752
0.8719
0.8678
0.8744
0.8721
0.8752
0.8802
0.8827
0.8852
0.8843
0.8857
0.8848
0.8812
0.8752
0.8778
0.8815
0.8694
0.8609
0.862
0.8668
0.8717
0.8782
0.8737
0.8715
0.8701
0.8754
0.8774
0.8727
0.869
0.8689
0.869
0.8697
0.8588
0.8536
0.8611
0.8627
0.8697
0.8597
0.8708
0.8753
0.8751
0.8742
0.8765
0.8722
0.8752
0.872
0.8724
0.8707
0.8705
0.8689
0.8704
0.8812
0.8782
0.8613
0.8588
0.8618
0.8617
0.8593
0.8576
0.8598
0.8508
0.8537
0.8556
0.8569
0.8558
0.8555
0.8542
0.8557
0.8628
0.8639
0.8592
0.8564
0.8587
0.8538
0.8563
0.8576
0.8588
0.8557
0.8591
0.8533
0.8534
0.854
0.846
0.8415
0.8391
0.8392
0.8395
0.8381
0.835
0.832
0.8324
0.8365
0.8338
0.8373
0.8406
0.8328
0.8338
0.8286
0.8252
0.824
0.8254
0.825
0.829
0.8358
0.8268
0.8306
0.8329
0.837
0.8305
0.8367
0.8337
0.8368
0.8351
0.8405
0.8362
0.83
0.8311
0.8315
0.8307
0.8294
0.8338
0.8381
0.8398
0.837
0.8366
0.8363
0.8324
0.8309
0.8304
0.8384
0.8453
0.8492
0.847
0.8468
0.8465
0.8369
0.8343
0.8334
0.833
0.8342
0.8353
0.8386
0.8368
0.8408
0.8329
0.8313
0.8324
0.8314
0.8331
0.8335
0.8324
0.8339
0.836
0.8363
0.8347
0.8378
0.8336
0.8332
0.8309
0.8315
0.827
0.8254
0.8243
0.8243
0.8239
0.8264
0.8247
0.8263
0.8239
0.8188
0.8181
0.819
0.8156
0.8169
0.8177
0.8172
0.8145
0.8154
0.8159
0.8121
0.8127
0.8096
0.8059
0.8045
0.8017
0.801
0.8039
0.7968
0.7956
0.7992
0.8035
0.8071
0.8092
0.8047
0.8015
0.7995
0.7987
0.7988
0.7986
0.8022
0.8091
0.812
0.8096
0.8117
0.8086
0.8087
0.8058
0.8029
0.8097
0.8117
0.8053
0.8024
0.8065
0.8078
0.804
0.8062
0.8027
0.7988
0.8009
0.8017
0.8058
0.8015
0.8031
0.7983
0.7935
0.7929
0.7893
0.7892
0.7906
0.7859
0.7849
0.7854
0.7845
0.7809
0.7781
0.7817
0.7778
0.7841
0.7828
0.7821
0.7802
0.7846
0.7868
0.7849
0.7919
0.7948
0.7936
0.7895
0.7867
0.783
0.7861
0.7859
0.7832
0.7853
0.7855
0.7857
0.79
0.7884
0.7918
0.7917
0.791
0.794
0.7912
0.7919
0.7922
0.7914
0.7924
0.7926
0.8004
0.7978
0.7997
0.801
0.8039
0.809
0.8069
0.8028
0.8043
0.7994
0.7997
0.797
0.7969
0.7961
0.7952
0.7952
0.7987
0.8006
0.8026
0.8039
0.8077
0.8091
0.8049
0.8049
0.8054
0.8063
0.8056
0.8101
0.8124
0.8141
0.8136
0.8154
0.8137
0.8084
0.8019
0.8036
0.8046
0.8064
0.803
0.8024
0.801
0.8003
0.8004
0.7982
0.7974
0.7997
0.8003
0.8002
0.8037
0.8056
0.8017
0.8052
0.8046
0.8039
0.809
0.8092
0.8074
0.8078
0.8089
0.8117
0.811
0.8134
0.8123
0.8079
0.8059
0.8051
0.8068
0.8092
0.8115
0.8143
0.8122
0.8137
0.8143
0.8132
0.8152
0.8179
0.8194
0.8221
0.8176
0.8124
0.8113
0.8104
0.8133
0.8137
0.8145
0.8151
0.8206
0.8271
0.8322
0.8279
0.8304
0.8361
0.8393
0.841
0.8402
0.8471
0.8518
0.8572
0.8559
0.8582
0.8562
0.8688
0.8572
0.8672
0.8634
0.8528
0.8458
0.856
0.859
0.8654
0.862
0.8612
0.8676
0.8716
0.8645
0.8644
0.8617
0.8633
0.8668
0.8613
0.8662
0.8617
0.8623
0.8637
0.8727
0.8711
0.8742
0.8744
0.8683
0.862
0.8649
0.8575
0.8533
0.8563
0.8499
0.8528
0.8466
0.8482
0.8445
0.8434
0.8432
0.8485
0.8488
0.8488
0.8476
0.8523
0.8537
0.8525
0.8513
0.8542
0.8528
0.8572
0.8548
0.8539
0.8567
0.8542
0.8529
0.8526
0.8428
0.8417
0.845
0.8476
0.8471
0.8411
0.8425
0.8412
0.8446
0.8467
0.8441
0.8451
0.848
0.8495
0.8457
0.8435
0.846
0.8442
0.8517
0.8543
0.8559
0.8551
0.8548
0.8552
0.8563
0.8549
0.8533
0.8539
0.8496
0.8489
0.8501
0.8512
0.8508
0.8505
0.8506
0.8493
0.8499
0.8563
0.8585
0.8522
0.8507
0.8499
0.8483
0.8494
0.8544
0.8554
0.8584
0.8562
0.8513
0.8613
0.8605
0.8596
0.8639
0.862
0.8647
0.8649
0.8683
0.8625
0.8611
0.8603
0.8582
0.8601
0.8616
0.863
0.863
0.8642
0.87
0.8744
0.8734
0.8684
0.8632
0.8668
0.8609
0.8611
0.8599
0.8598
0.8584
0.8549
0.8533
0.853
0.8519
0.8561
0.8525
0.8566
0.8592
0.8582
0.8613
0.8589
0.8538
0.8523
0.8463
0.8451
0.8415
0.843
0.8442
0.843
0.8412
0.8413
0.8374
0.8386
0.8398
0.8376
0.8438
0.8447
0.8407
0.8417
0.8409
0.8408
0.8376
0.8354
0.8349
0.837
0.843
0.8463
0.8434
0.8437
0.8474
0.8465
0.849
0.8483
0.8456
0.8482
0.8458
0.8464
0.847
0.8488
0.8522
0.8516
0.8538
0.8539
0.8564
0.8561
0.847
0.8468
0.846
0.8397
0.8405
0.834
0.8345
0.8386
0.8448
0.8399
0.8376
0.837
0.8383
0.8397
0.8345
0.832
0.8354
0.8365
0.8369
0.8336
0.8301
0.8277
0.8289
0.8296
0.8367
0.8381
0.8362
0.8367
0.8419
0.841
0.8431
0.8442
0.8462
0.8343
0.8341
0.837
0.8372
0.8355
0.8342
0.834
0.8362
0.8294
0.8308
0.8274
0.8308
0.8299
0.8254
0.8253
0.8289
0.8341
0.8317
0.8308
0.8325
0.8245
0.823
0.8173
0.8229
0.8292
0.8246
0.8243
0.8249
0.822
0.8205
0.8295
0.8278
0.8295
0.8324
0.831
0.8316
0.8289
0.8191
0.8213
0.8175
0.8247
0.8232
0.8238
0.8263
0.8247
0.824
0.8207
0.8213
0.8241
0.8241
0.8246
0.8211
0.8278
0.8296
0.8334
0.834
0.8365
0.8341
0.8353
0.8369
0.8397
0.8359
0.8346
0.8361
0.8388
0.8362
0.8312
0.827
0.8262
0.8265
0.8292
0.8278
0.8264
0.8267
0.8273
0.8235
0.825
0.8272
0.8298
0.8261
0.8256
0.8224
0.8226
0.8212
0.8203
0.8232
0.8231
0.8235
0.824
0.8208
0.8217
0.8209
0.8219
0.8224
0.8204
0.8204
0.8172
0.8163
0.8155
0.8142
0.8177
0.8164
0.8145
0.8152
0.8134
0.8096
0.8091
0.8098
0.811
0.8131
0.8136
0.8135
0.8117
0.8134
0.8123
0.8121
0.8118
0.8089
0.8082
0.8057
0.8004
0.7982
0.7991
0.7985
0.7999
0.7983
0.799
0.7988
0.801
0.8024
0.7994
0.801
0.8002
0.7975
0.7955
0.7933
0.7942
0.7944
0.795
0.7942
0.7946
0.7941
0.7914
0.7891
0.7909
0.7914
0.7919
0.789
0.7897
0.7923
0.7911
0.7912
0.7913
0.7919
0.7928
0.7981
0.7959
0.7919
0.7939
0.7937
0.7994
0.7971
0.7949
0.8006
0.8009
0.8026
0.7986
0.8014
0.7991
0.8009
0.799
0.7957
0.796
0.7959
0.7946
0.7912
0.7973
0.7988
0.7923
0.7929
0.8006
0.8032
0.7966
0.7959
0.7963
0.797
0.7964
0.7903
0.788
0.7877
0.7851
0.7838
0.782
0.7813
0.7805
0.7811
0.7789
0.7797
0.7845
0.7837
0.7869
0.787
0.7877
0.7873
0.785
0.7925
0.7958
0.8014
0.7957
0.7927
0.7917
0.7892
0.7881
0.7887
0.7875
0.7876
0.7891
0.7888
0.788
0.7828
0.7813
0.7839
0.7814
0.7814
0.7847
0.7838
0.7835
0.7881
0.7939
0.7987
0.7959
0.8017
0.8002
0.799
0.7913
0.7918
0.7942
0.7915
0.7954
0.7925
0.7916
0.7847
0.7896
0.7882
0.7867
0.7896
0.7919
0.7887
0.7921
0.7952
0.7942
0.7921
0.7838
0.782
0.7844
0.7842
0.7838
0.7826
0.7831
0.7812
0.7764
0.7826
0.7823
0.7846
0.7831
0.7815
0.7808
0.7798
0.7764
0.7735
0.7655
0.7632
0.7628
0.7666
0.7563
0.7474
0.745
0.7489
0.7453
0.7511
0.7489
0.7541
0.7564
0.7468
0.7484
0.7417
0.744
0.7417
0.7427
0.741
0.7399
0.7431
0.7382
0.7373
0.739
0.7332
0.7336
0.7315
0.7267
0.7251
0.7279
0.7273
0.7255
0.7237
0.7208
0.7171
0.7099
0.7062
0.7142
0.7116
0.7122
0.7182
0.7253
0.7225
0.7235
0.7321
0.7356
0.7369
0.7327
0.7313
0.7317
0.7242
0.7258
0.7335
0.7338
0.73
0.725
0.7243
0.7244
0.7198
0.7206
0.7199
0.7204
0.7224
0.7201
0.7189
0.713
0.7186
0.7154
0.7143
0.7156
0.7205
0.7309
0.7385
0.7368
0.7366
0.744
0.738
0.7255
0.7154
0.7151
0.721
0.723
0.7276
0.7225
0.7187
0.7141
0.7095
0.7109
0.7069
0.7101
0.7148
0.7186
0.7189
0.7267
0.735
0.7315
0.7278
0.7357
0.7334
0.7292
0.7255
0.7241
0.7232
0.7188
0.7161
0.7154
0.7148
0.7166
0.71
0.7134
0.7114
0.7092
0.714
0.7096
0.7078
0.7102
0.7138
0.7085
0.7122
0.7211
0.7175
0.7193
0.7105
0.704
0.7
0.6967
0.6945
0.6956
0.703
0.7
0.708
0.7081
0.7127
0.7083
0.7041
0.7008
0.7031
0.7026
0.6992
0.6989
0.7042
0.7076
0.7067
0.7091
0.7149
0.7142
0.7103
0.7107
0.7039
0.709
0.7164
0.7255
0.7365
0.7342
0.7317
0.73
0.7268
0.7306
0.7393
0.7338
0.729
0.7346
0.7312
0.7276
0.7292
0.7304
0.735
0.7336
0.7345
0.7287
0.7335
0.7271
0.7215
0.7237
0.7337
0.7368
0.738
0.7411
0.7426
0.7388
0.7398
0.7382
0.7387
0.7404
0.7336
0.7348
0.7416
0.74
0.7463
0.7413
0.7364
0.7351
0.7325
0.7346
0.7354
0.7217
0.7194
0.7203
0.7222
0.7156
0.717
0.7133
0.7145
0.711
0.7063
0.7157
0.7137
0.7113
0.7094
0.7062
0.7099
0.7066
0.703
0.6996
0.6996
0.702
0.7009
0.7033
0.7056
0.7022
0.7026
0.7046
0.7018
0.705
0.71
0.7223
0.7199
0.7198
0.7257
0.7261
0.7217
0.7224
0.7259
0.7267
0.7273
0.7265
0.7295
0.7333
0.7389
0.7337
0.7354
0.733
0.7371
0.737
0.7379
0.737
0.7375
0.7359
0.7325
0.7369
0.7478
0.7526
0.7467
0.7516
0.755
0.7539
0.7656
0.7648
0.7705
0.7674
0.7647
0.7571
0.7614
0.7575
0.7653
0.7618
0.7608
0.7544
0.7578
0.7604
0.7683
0.769
0.7756
0.7803
0.7775
0.7822
0.7762
0.7726
0.7789
0.7786
0.7747
0.7729
0.7795
0.7859
0.7909
0.7892
0.7882
0.7813
0.7789
0.7719
0.7729
0.7732
0.7721
0.7746
0.7738
0.7827
0.7753
0.7763
0.7851
0.7872
0.7815
0.7784
0.7823
0.7895
0.7921
0.7896
0.7905
0.7854
0.785
0.7886
0.7926
0.8008
0.7985
0.8039
0.8071
0.8094
0.8067
0.8011
0.7977
0.7937
0.7961
0.7944
0.7924
0.7889
0.7882
0.7881
0.7788
0.7781
0.7749
0.7786
0.7773
0.7837
0.7861
0.791
0.7925
0.7874
0.7906
0.7901
0.7874
0.7909
0.7873
0.7874
0.7861
0.7823
0.7683
0.7667
0.7736
0.7745
0.7613
0.759
0.763
0.7602
0.7608
0.7686
0.7762
0.7732
0.7829
0.7862
0.7809
0.7855
0.7827
0.789
0.7913
0.7941
0.7927
0.7903
0.7854
0.77
0.7673
0.7683
0.7653
0.8127
0.8337
0.8294
0.8287
0.8343
0.8387
0.8392
0.8506
0.8583
0.8569
0.8525
0.851
0.835
0.8436
0.8333
0.8366
0.8355
0.8407
0.8337
0.8333
0.8372
0.8367
0.8368
0.8363
0.8416
0.8446
0.847
0.8403
0.8367
0.8491
0.8484
0.8503
0.8549
0.8591
0.8596
0.864
0.8685
0.8645
0.866
0.8622
0.8665
0.8617
0.8566
0.8512
0.8555
0.8525
0.8538
0.8519
0.8492
0.8439
0.8393
0.838
0.8375
0.8424
0.847
0.8467
0.8424
0.8504
0.85
0.8493
0.8579
0.8576
0.8585
0.8587
0.8571
0.8659
0.8673
0.8613
0.8617
0.8653
0.8661
0.873
0.8803
0.879
0.8838
0.9001
0.901
0.9118
0.9015
0.9022
0.9004
0.9028
0.8929
0.8932
0.892
0.89
0.8892
0.8934
0.8907
0.8958
0.9004
0.8969
0.903
0.9021
0.8912
0.89
0.8906
0.8906
0.8795
0.8677
0.8625
0.8596
0.8608
0.8592
0.8557
0.8578
0.8508
0.8553
0.8482
0.8477
0.8497
0.8547
0.8525
0.8467
0.8467
0.839
0.8453
0.8454
0.8517
0.8433
0.8388
0.8388
0.8395
0.8386
0.8386
0.8374
0.8391
0.8399
0.8438
0.8499
0.8517
0.8513
0.8522
0.8516
0.8556
0.8535
0.8517
0.8503
0.8512
0.8541
0.8574
0.8694
0.8667
0.8666
0.8726
0.8717
0.8799
0.8629
0.867
0.864
0.8652
0.8588
0.8572
0.8507
0.848
0.8526
0.8566
0.8584
0.8509
0.8588
0.864
0.8623
0.8538
0.8531
0.8526
0.8513
0.8509
0.8461
0.8483
0.8507
0.8546
0.8561
0.8517
0.8448
0.8481
0.8428
0.8477
0.8509
0.8543
0.8579
0.8565
0.8632
0.8648
0.8661
0.8663
0.8695
0.8776
0.8719
0.8726
0.8733
0.871
0.8663
0.869
0.8663
0.8649
0.8612
0.8657
0.865
0.8685
0.8658
0.8562
0.8485
0.8545
0.858
0.8542
0.8537
0.8555
0.8535
0.849
0.8506
0.8489
0.8478
0.847
0.8356
0.8383
0.8364
0.8378
0.8493
0.8509
0.8487
0.8426
0.8413
0.8458
0.8448
0.846
0.85
0.8473
0.8442
0.8407
0.84
0.8428
0.8476
0.851
0.8579
0.8604
0.858
0.8596
0.8644
0.8628
0.8646
0.8661
0.8731
0.8695
0.8699
0.8723
0.8704
0.8756
0.8721
0.8734
0.8687
0.8657
0.8782
0.885
0.879
0.8797
0.8737
0.876
0.8752
0.8816
0.8814
0.8794
0.8799
0.8789
0.8848
0.8802
0.8796
0.8771
0.8782
0.8781
0.8777
0.8806
0.8846
0.885
0.8926
0.8857
0.8809
0.8754
0.8793
0.886
0.8842
0.8966
0.8974
0.8936
0.8943
0.8943
0.8938
0.8947
0.8961
0.8939
0.8966
0.9035
0.9027
0.905
0.9046
0.9043
0.9072
0.9085
0.9087
0.9119
0.9128
0.9111
0.9135
0.916
0.9172
0.9224
0.9218
0.9255
0.9263
0.9267
0.9195
0.9211
0.9159
0.9202
0.9141
0.9137
0.9177
0.9119
0.9081
0.9009
0.8998
0.8896
0.8789
0.8857
0.8881
0.8813
0.8792
0.885
0.8798
0.8763
0.8774
0.8768
0.882
0.8838
0.8871
0.8876
0.8927
0.8981
0.8935
0.8943
0.8969
0.8919
0.8898
0.8901
0.8921
0.8926
0.9007
0.8931
0.8902
0.8956
0.8909
0.8854
0.8842
0.8821
0.8767
0.8772
0.8927
0.8877
0.8815
0.88
0.884
0.8856
0.8841
0.8896
0.8961
0.8952
0.8921
0.8923
0.8865
0.8867
0.8871
0.8905
0.8947
0.8934
0.8877
0.8835
0.8802
0.8829
0.8803
0.8797
0.8808
0.8737
0.8792
0.8823
0.8816
0.8812
0.877
0.8821
0.8803
0.8844
0.8875
0.887
0.8879
0.8879
0.8866
0.8874
0.8886
0.8881
0.8885
0.8873
0.889
0.8906
0.8864
0.8821
0.8816
0.8846
0.8888
0.8889
0.8894
0.8889
0.8811
0.8807
0.8818
0.8767
0.8785
0.8713
0.8764
0.8781
0.8797
0.8767
0.8748
0.8767
0.8823
0.8859
0.8872
0.8837
0.8803
0.8864
0.8884
0.8891
0.8894
0.887
0.884
0.8863
0.8816
0.8825
0.8836
0.8802
0.8802
0.8799
0.8821
0.8797
0.8872
0.8912
0.8925
0.8925
0.8931
0.891
0.8936
0.893
0.8918
0.8889
0.8889
0.8887
0.8876
0.8873
0.8861
0.8833
0.8827
0.8827
0.881
0.8799
0.8748
0.8732
0.8735
0.8749
0.8749
0.8735
0.8752
0.8755
0.8746
0.8773
0.8795
0.8795
0.8774
0.8754
0.873
0.8725
0.875
0.8721
0.8721
0.871
0.8721
0.872
0.8722
0.8662
0.8666
0.8666
0.8659
0.8637
0.8657
0.8717
0.8767
0.8775
0.8775
0.877
0.8762
0.8748
0.8736
0.8702
0.8805
0.8805
0.8804
0.8776
0.8813
0.881
0.8837
0.8845
0.8845
0.8836
0.8803
0.8758
0.8749
0.8814
0.8823
0.8823
0.8822
0.88
0.8762
0.8724
0.8729
0.8741
0.8741
0.8733
0.8781
0.8773
0.876
0.8762
0.8772
0.8772
0.8785
0.8735
0.8708
0.8783
0.8801
0.8742
0.8742
0.874
0.8789
0.8749
0.8782
0.8792
0.8781
0.8781
0.8785
0.8808
0.8786
0.8823
0.8728
0.8735
0.8735
0.8736
0.8774
0.88
0.8793
0.8763
0.8786
0.8786
0.8795
0.8814
0.8815
0.8816
0.8846
0.8852
0.8852
0.8845
0.8861
0.8839
0.8816
0.8846
0.8849
0.8849
0.8841
0.8873
0.8847
0.8842
0.8852
0.8832
0.8832
0.8831
0.885
0.8895
0.8907
0.8952
0.8941
0.8941
0.8941
0.8927
0.8887
0.8895
0.8885
0.8886
0.8886
0.8893
0.8913
0.891
0.8886
0.8899
0.8909
0.8909
0.8892
0.8931
0.8962
0.9015
0.8983
0.8946
0.8946
0.893
0.8932
0.8922
0.8935
0.8947
0.8975
0.8975
0.8973
0.8975
0.8969
0.8978
0.901
0.9056
0.9056
0.9058
0.906
0.9086
0.8983
0.8965
0.8967
0.8967
0.8976
0.9026
0.9011
0.901
0.899
0.8956
0.8956
0.8941
0.8901
0.891
0.8913
0.8918
0.8902
0.8902
0.8876
0.887
0.8883
0.8876
0.9003
0.9003
0.8958
0.8928
0.892
0.89
0.8919
0.8919
0.8877
0.8897
0.8871
0.8842
0.8792
0.8792
0.8779
0.8746
0.8734
0.8757
0.88
0.88
0.8807
0.8777
0.8776
0.8797
0.8821
0.8821
0.8843
0.8835
0.8846
0.8872
0.8902
0.8902
0.8884
0.8927
0.886
0.8774
0.8773
0.8773
0.8736
0.8722
0.8706
0.8698
0.8736
0.8736
0.8732
0.8669
0.8706
0.8869
0.8895
0.8895
0.8906
0.8888
0.8912
0.8856
0.8846
0.8846
0.8844
0.8865
0.8863
0.8909
0.8868
0.8868
0.8921
0.8919
0.8909
0.8904
0.8941
0.8941
0.9037
0.9064
0.9001
0.8971
0.8984
0.8984
0.8996
0.8989
0.9018
0.9045
0.8993
0.8993
0.8977
0.8999
0.8983
0.9036
0.9001
0.9001
0.9007
0.9001
0.9089
0.9017
0.8952
0.8952
0.8976
0.8998
0.9024
0.9017
0.8924
0.8924
0.8914
0.8864
0.8847
0.877
0.8828
0.8828
0.8815
0.8768
0.8701
0.8648
0.8635
0.8635
0.8691
0.8743
0.8753
0.8732
0.8752
0.8752
0.8769
0.8808
0.8784
0.8757
0.8757
0.8757
0.8769
0.8787
0.8759
0.8824
0.876
0.876
0.8752
0.8682
0.8694
0.8697
0.8689
0.8689
0.8659
0.8594
0.8544
0.8573
0.8613
0.8613
0.8604
0.8594
0.8586
0.8556
0.8635
0.8635
0.8503
0.8634
0.8515
0.8534
0.8518
0.8518
0.8559
0.8556
0.8658
0.8667
0.8569
0.8569
0.8566
0.8537
0.855
0.8606
0.861
0.861
0.8535
0.8532
0.8533
0.8584
0.8615
0.8615
0.8619
0.8629
0.8617
0.8623
0.8652
0.8652
0.863
0.8651
0.8665
0.865
0.8654
0.8654
