2.39
2.39
2.4
2.4
2.4
2.4
2.4
2.4
2.41
2.41
2.41
2.41
2.41
2.41
2.41
2.41
2.42
2.42
2.42
2.42
2.42
2.42
2.42
2.42
2.41
2.42
2.42
2.42
2.42
2.42
2.42
2.42
2.42
2.42
2.42
2.42
2.42
2.42
2.42
2.42
2.42
2.42
2.42
2.42
2.42
2.42
2.42
2.42
2.42
2.42
2.42
2.42
2.42
2.42
2.42
2.42
2.42
2.42
2.42
2.42
2.42
2.41
2.41
2.42
2.42
2.42
2.42
2.42
2.42
2.42
2.42
2.42
2.42
2.42
2.42
2.42
2.42
2.42
2.42
2.42
2.42
2.42
2.42
2.42
2.42
2.42
2.42
2.42
2.42
2.42
2.42
2.42
2.42
2.42
2.42
2.42
2.42
2.42
2.42
2.42
2.42
2.42
2.42
2.42
2.42
2.42
2.42
2.42
2.42
2.42
2.42
2.42
2.42
2.42
2.42
2.42
2.42
2.42
2.42
2.42
2.42
2.42
2.42
2.42
2.42
2.42
2.42
2.42
2.42
2.42
2.42
2.42
2.42
2.42
2.42
2.42
2.42
2.42
2.42
2.42
2.42
2.42
2.42
2.42
2.42
2.42
2.42
2.42
2.42
2.42
2.42
2.42
2.42
2.42
2.42
2.42
2.44
2.44
2.46
2.47
2.47
2.47
2.45
2.45
2.46
2.46
2.46
2.46
2.46
2.46
2.46
2.47
2.47
2.47
2.47
2.47
2.47
2.47
2.48
2.48
2.48
2.48
2.48
2.48
2.49
2.49
2.49
2.49
2.49
2.48
2.49
2.49
2.48
2.49
2.49
2.49
2.49
2.49
2.49
2.49
2.49
2.49
2.49
2.49
2.49
2.49
2.49
2.49
2.49
2.49
2.49
2.49
2.49
2.49
2.49
2.49
2.49
2.49
2.49
2.49
2.49
2.49
2.49
2.49
2.49
2.5
2.5
2.5
2.51
2.52
2.52
2.52
2.52
2.52
2.52
2.53
2.55
2.55
2.55
2.55
2.55
2.55
2.55
2.55
2.55
2.55
2.55
2.55
2.55
2.55
2.55
2.55
2.55
2.55
2.57
2.59
2.58
2.58
2.58
2.58
2.59
2.59
2.59
2.59
2.59
2.59
2.6
2.61
2.6
2.6
2.6
2.6
2.61
2.61
2.61
2.6
2.59
2.6
2.61
2.61
2.61
2.61
2.61
2.61
2.61
2.61
2.61
2.61
2.61
2.61
2.62
2.63
2.64
2.64
2.64
2.63
2.62
2.62
2.61
2.61
2.62
2.62
2.61
2.61
2.61
2.62
2.62
2.62
2.62
2.62
2.61
2.61
2.61
2.61
2.61
2.61
2.61
2.61
2.61
2.61
2.61
2.61
2.61
2.61
2.61
2.61
2.61
2.61
2.61
2.61
2.61
2.61
2.61
2.61
2.61
2.61
2.62
2.61
2.61
2.61
2.61
2.61
2.61
2.61
2.61
2.61
2.61
2.61
2.61
2.61
2.61
2.61
2.61
2.61
2.61
2.61
2.61
2.61
2.61
2.61
2.61
2.6
2.59
2.59
2.59
2.58
2.57
2.5
2.52
2.49
2.49
2.46
2.44
2.42
2.45
2.44
2.44
2.44
2.44
2.45
2.45
2.45
2.44
2.44
2.45
2.45
2.45
2.45
2.45
2.45
2.45
2.45
2.45
2.45
2.45
2.45
2.45
2.45
2.45
2.45
2.45
2.45
2.45
2.45
2.45
2.45
2.45
2.45
2.45
2.45
2.45
2.45
2.45
2.45
2.45
2.45
2.45
2.45
2.45
2.45
2.45
2.45
2.45
2.45
2.45
2.45
2.45
2.44
2.44
2.44
2.43
2.43
2.43
2.43
2.42
2.42
2.42
2.42
2.42
2.42
2.42
2.42
2.42
2.42
2.42
2.41
2.41
2.41
2.39
2.39
2.38
2.36
2.34
2.35
2.33
2.34
2.36
2.35
2.35
2.36
2.35
2.34
2.35
2.35
2.35
2.36
2.36
2.35
2.35
2.35
2.35
2.35
2.35
2.35
2.35
2.35
2.35
2.35
2.34
2.34
2.34
2.34
2.34
2.34
2.34
2.34
2.35
2.35
2.34
2.35
2.34
2.35
2.35
2.35
2.35
2.35
2.35
2.35
2.35
2.35
2.35
2.35
2.35
2.35
2.35
2.35
2.35
2.35
2.35
2.35
2.35
2.36
2.36
2.36
2.36
2.37
2.38
2.38
2.39
2.36
2.38
2.38
2.38
2.38
2.38
2.44
2.47
2.45
2.43
2.44
2.44
2.46
2.47
2.47
2.47
2.49
2.5
2.5
2.45
2.46
2.47
2.47
2.47
2.47
2.47
2.46
2.46
2.46
2.46
2.47
2.47
2.47
2.47
2.48
2.48
2.48
2.48
2.48
2.48
2.48
2.48
2.48
2.48
2.48
2.49
2.49
2.48
2.48
2.48
2.48
2.48
2.48
2.48
2.48
2.48
2.49
2.49
2.49
2.49
2.49
2.49
2.49
2.49
2.49
2.5
2.5
2.51
2.51
2.54
2.56
2.54
2.55
2.55
2.57
2.56
2.56
2.55
2.54
2.56
2.56
2.57
2.57
2.58
2.58
2.57
2.57
2.57
2.57
2.57
2.57
2.58
2.58
2.58
2.57
2.57
2.57
2.57
2.58
2.58
2.58
2.58
2.58
2.58
2.58
2.57
2.56
2.56
2.55
2.55
2.54
2.54
2.55
2.54
2.54
2.53
2.54
2.54
2.52
2.5
2.49
2.5
2.5
2.5
2.52
2.52
2.51
2.49
2.5
2.5
2.48
2.48
2.48
2.47
2.46
2.46
2.46
2.48
2.47
2.47
2.46
2.46
2.46
2.46
2.47
2.46
2.46
2.44
2.42
2.42
2.42
2.41
2.41
2.41
2.41
2.41
2.41
2.42
2.42
2.42
2.42
2.42
2.42
2.42
2.42
2.41
2.41
2.41
2.41
2.41
2.41
2.41
2.42
2.43
2.43
2.43
2.44
2.45
2.44
2.44
2.45
2.44
2.44
2.44
2.42
2.43
2.44
2.43
2.43
2.43
2.42
2.42
2.4
2.39
2.39
2.4
2.4
2.39
2.39
2.39
2.39
2.35
2.34
2.36
2.34
2.34
2.34
2.34
2.33
2.34
2.34
2.33
2.31
2.31
2.31
2.32
2.31
2.31
2.31
2.31
2.31
2.31
2.31
2.31
2.31
2.32
2.32
2.3
2.29
2.28
2.23
2.23
2.24
2.24
2.25
2.23
2.19
2.18
2.18
2.19
2.17
2.18
2.19
2.2
2.2
2.21
2.22
2.26
2.29
2.28
2.26
2.25
2.23
2.24
2.24
2.24
2.27
2.27
2.28
2.28
2.29
2.3
2.32
2.29
2.31
2.3
2.3
2.29
2.28
2.32
2.33
2.32
2.32
2.32
2.33
2.35
2.35
2.33
2.33
2.33
2.35
2.36
2.34
2.37
2.37
2.38
2.4
2.39
2.4
2.4
2.4
2.39
2.39
2.39
2.38
2.36
2.36
2.36
2.36
2.36
2.37
2.37
2.38
2.39
2.4
2.41
2.4
2.41
2.43
2.42
2.42
2.42
2.42
2.44
2.42
2.43
2.43
2.43
2.43
2.42
2.42
2.41
2.41
2.41
2.41
2.41
2.41
2.4
2.39
2.39
2.39
2.4
2.4
2.4
2.41
2.41
2.4
2.4
2.4
2.39
2.39
2.39
2.39
2.39
2.39
2.39
2.38
2.36
2.37
2.38
2.39
2.39
2.39
2.4
2.4
2.39
2.39
2.39
2.39
2.38
2.39
2.39
2.39
2.39
2.39
2.39
2.39
2.39
2.39
2.39
2.39
2.39
2.38
2.39
2.38
2.38
2.38
2.38
2.38
2.36
2.37
2.37
2.36
2.36
2.34
2.34
2.32
2.32
2.32
2.31
2.32
2.32
2.31
2.32
2.32
2.32
2.31
2.31
2.31
2.31
2.31
2.32
2.32
2.32
2.31
2.31
2.32
2.32
2.32
2.31
2.32
2.31
2.32
2.32
2.33
2.33
2.34
2.33
2.33
2.34
2.34
2.33
2.34
2.33
2.33
2.33
2.33
2.33
2.33
2.33
2.33
2.33
2.33
2.33
2.33
2.33
2.34
2.34
2.34
2.34
2.35
2.35
2.34
2.3
2.3
2.31
2.31
2.33
2.32
2.32
2.32
2.32
2.32
2.32
2.32
2.33
2.32
2.32
2.33
2.33
2.33
2.34
2.32
2.32
2.31
2.31
2.33
2.33
2.34
2.33
2.33
2.33
2.33
2.33
2.34
2.35
2.35
2.33
2.34
2.35
2.35
2.35
2.35
2.35
2.35
2.35
2.35
2.35
2.35
2.36
2.36
2.38
2.38
2.38
2.4
2.39
2.37
2.38
2.38
2.38
2.37
2.37
2.37
2.37
2.39
2.38
2.39
2.39
2.39
2.4
2.4
2.4
2.42
2.42
2.43
2.43
2.43
2.43
2.43
2.43
2.43
2.41
2.41
2.42
2.41
2.42
2.42
2.42
2.43
2.43
2.42
2.42
2.42
2.41
2.41
2.4
2.41
2.41
2.41
2.41
2.4
2.39
2.38
2.38
2.38
2.36
2.37
2.36
2.37
2.37
2.37
2.37
2.36
2.35
2.37
2.36
2.35
2.35
2.36
2.35
2.35
2.34
2.34
2.34
2.34
2.34
2.32
2.3
2.31
2.31
2.3
2.3
2.3
2.3
2.31
2.33
2.33
2.33
2.32
2.32
2.32
2.32
2.32
2.32
2.32
2.32
2.32
2.32
2.28
2.28
2.28
2.28
2.27
2.27
2.27
2.27
2.27
2.26
2.26
2.24
2.23
2.19
2.21
2.2
2.19
2.19
2.19
2.21
2.2
2.2
2.19
2.18
2.19
2.18
2.18
2.18
2.18
2.18
2.18
2.18
2.18
2.18
2.16
2.15
2.15
2.14
2.14
2.13
2.1
2.1
2.1
2.1
2.11
2.11
2.11
2.11
2.12
2.12
2.11
2.11
2.11
2.11
2.11
2.11
2.11
2.11
2.11
2.11
2.11
2.11
2.11
2.11
2.11
2.11
2.11
2.09
2.08
2.08
2.08
2.07
2.04
2.04
2.05
2.04
2.04
2.04
2.04
2.04
2.04
2.04
2.04
2.04
2.05
2.06
2.05
2.06
2.06
2.06
2.06
2.06
2.07
2.07
2.07
2.07
2.07
2.07
2.07
2.08
2.07
2.06
2.07
2.07
2.07
2.06
2.05
2.05
2.03
2.04
2.04
2.05
2.04
2.04
2.04
2.03
2.02
2.02
2.02
2.02
2.03
2.02
2.02
2.02
2.02
2.02
2.02
2.02
2.02
2.02
2.02
2.02
2.02
2.02
2.02
2.02
2.02
2.02
2.02
2.02
2.03
2.03
2.03
2.03
2.03
2.03
2.03
2.03
2.03
2.03
2.03
2.03
2.02
2.02
2.02
2.03
2.03
2.03
2.03
2.03
2.03
2.03
2.03
2.03
2.03
2.03
2.03
2.03
2.02
2.02
2.02
2.02
2.02
2.03
2.03
2.03
2.03
2.03
2.02
2.02
2.02
2.01
1.98
1.94
1.94
1.91
1.93
1.93
1.92
1.91
1.92
1.92
1.92
1.92
1.93
1.93
1.92
1.92
1.92
1.92
1.92
1.88
1.87
1.86
1.86
1.87
1.83
1.84
1.85
1.85
1.86
1.85
1.85
1.85
1.85
1.84
1.83
1.82
1.82
1.82
1.83
1.84
1.84
1.83
1.83
1.82
1.82
1.82
1.83
1.83
1.84
1.83
1.82
1.8
1.81
1.81
1.81
1.78
1.79
1.79
1.77
1.77
1.76
1.75
1.72
1.71
1.72
1.76
1.77
1.77
1.77
1.77
1.77
1.78
1.78
1.78
1.77
1.77
1.77
1.77
1.77
1.77
1.77
1.78
1.79
1.79
1.79
1.8
1.8
1.78
1.78
1.79
1.79
1.78
1.78
1.78
1.77
1.78
1.78
1.78
1.78
1.78
1.78
1.79
1.79
1.79
1.79
1.79
1.79
1.79
1.79
1.79
1.79
1.79
1.79
1.78
1.78
1.79
1.78
1.78
1.78
1.78
1.78
1.77
1.77
1.77
1.78
1.78
1.78
1.77
1.77
1.77
1.77
1.75
1.75
1.75
1.74
1.73
1.74
1.73
1.72
1.72
1.72
1.71
1.71
1.68
1.64
1.67
1.66
1.67
1.67
1.66
1.65
1.66
1.66
1.65
1.65
1.64
1.65
1.65
1.65
1.65
1.65
1.65
1.6
1.6
1.58
1.57
1.59
1.59
1.61
1.63
1.63
1.62
1.63
1.63
1.63
1.64
1.64
1.66
1.67
1.68
1.65
1.64
1.65
1.65
1.65
1.65
1.66
1.66
1.66
1.66
1.67
1.67
1.67
1.67
1.68
1.68
1.67
1.66
1.67
1.68
1.68
1.69
1.68
1.69
1.69
1.7
1.71
1.7
1.7
1.7
1.71
1.71
1.71
1.71
1.71
1.71
1.71
1.71
1.71
1.71
1.72
1.72
1.72
1.72
1.72
1.72
1.72
1.72
1.71
1.72
1.72
1.72
1.71
1.71
1.71
1.72
1.72
1.72
1.71
1.7
1.7
1.71
1.71
1.7
1.71
1.71
1.71
1.71
1.71
1.71
1.71
1.71
1.71
1.72
1.72
1.72
1.72
1.72
1.72
1.72
1.72
1.72
1.72
1.72
1.72
1.72
1.72
1.72
1.72
1.72
1.72
1.72
1.72
1.72
1.72
1.72
1.72
1.72
1.72
1.72
1.72
1.72
1.72
1.72
1.72
1.72
1.72
1.72
1.72
1.72
1.72
1.72
1.72
1.72
1.72
1.72
1.72
1.72
1.72
1.72
1.72
1.72
1.72
1.72
1.72
1.72
1.72
1.72
1.72
1.72
1.72
1.72
1.72
1.72
1.72
1.72
1.72
1.72
1.72
1.72
1.72
1.72
1.72
1.72
1.72
1.72
1.72
1.72
1.72
1.72
1.72
1.72
1.72
1.72
1.72
1.72
1.72
1.72
1.72
1.72
1.72
1.72
1.72
1.72
1.72
1.72
1.72
1.72
1.72
1.72
1.72
1.72
1.74
1.74
1.74
1.74
1.74
1.74
1.74
1.74
1.74
1.74
1.74
1.74
1.74
1.74
1.74
1.74
1.74
1.74
1.74
1.74
1.74
1.74
1.74
1.74
1.74
1.74
1.74
1.74
1.74
1.74
1.74
1.74
1.74
1.74
1.74
1.74
1.74
1.74
1.74
1.74
1.74
1.74
1.74
1.74
1.74
1.74
1.75
1.76
1.76
1.76
1.76
1.76
1.76
1.76
1.76
1.77
1.77
1.77
1.77
1.77
1.77
1.77
1.78
1.78
1.78
1.78
1.84
1.84
1.83
1.81
1.81
1.8
1.81
1.82
1.82
1.82
1.82
1.82
1.82
1.82
1.82
1.82
1.82
1.82
1.81
1.82
1.82
1.82
1.83
1.82
1.83
1.83
1.83
1.83
1.84
1.85
1.85
1.85
1.87
1.88
1.88
1.85
1.87
1.88
1.89
1.91
1.92
1.96
1.96
1.89
1.93
1.92
1.92
1.94
1.93
1.93
1.93
1.92
1.92
1.93
1.93
1.94
1.95
1.95
1.95
1.95
1.95
1.95
1.95
1.95
1.94
1.94
1.93
1.93
1.94
1.94
1.94
1.94
1.94
1.94
1.94
1.95
1.95
1.93
1.93
1.94
1.94
1.94
1.94
1.94
1.94
1.93
1.93
1.9
1.91
1.92
1.91
1.91
1.91
1.9
1.9
1.9
1.87
1.88
1.88
1.88
1.88
1.86
1.86
1.86
1.87
1.87
1.87
1.87
1.88
1.88
1.88
1.86
1.86
1.85
1.84
1.84
1.82
1.83
1.82
1.81
1.82
1.83
1.82
1.83
1.83
1.83
1.83
1.83
1.82
1.81
1.82
1.82
1.82
1.82
1.81
1.81
1.82
1.81
1.81
1.81
1.81
1.81
1.81
1.82
1.83
1.83
1.82
1.82
1.82
1.82
1.82
1.83
1.84
1.83
1.83
1.83
1.83
1.83
1.84
1.85
1.84
1.85
1.85
1.85
1.85
1.87
1.86
1.87
1.87
1.87
1.87
1.89
1.88
1.89
1.89
1.88
1.88
1.88
1.9
1.9
1.91
1.92
1.93
1.91
1.91
1.92
1.93
1.93
1.93
1.93
1.93
1.93
1.93
1.95
1.95
1.96
1.98
1.97
1.98
1.94
1.94
1.93
1.93
1.93
1.93
1.93
1.92
1.94
1.94
1.94
1.95
1.94
1.94
1.94
1.94
1.94
1.95
1.96
1.96
1.96
1.96
1.96
1.98
1.98
1.97
1.98
1.97
1.97
1.97
1.98
1.97
1.97
1.98
1.98
1.98
1.98
1.99
1.99
1.99
1.99
2
2
1.99
2
2.01
2.01
2.03
2.07
2.06
2.1
2.08
2.01
2
1.98
1.98
1.98
1.97
1.97
1.97
1.97
1.97
1.95
1.93
1.94
1.94
1.95
1.94
1.94
1.95
1.95
1.94
1.94
1.95
1.95
1.95
1.95
1.96
1.98
1.97
1.98
1.98
1.98
2
2.01
2.01
2
2
2.01
2.04
2.03
2.04
2.03
2.03
2.02
2.02
2.03
2.02
2.01
2
2
1.99
2
2.01
2.01
2
2
2
2
1.99
2
2
2
1.99
1.98
1.98
1.99
2
2.01
2
2
2
2.01
2
2
2
2.01
2.01
2.01
2.02
2.02
2.02
2.02
2.02
2.02
2.02
2.03
2.04
2.04
2.04
2.04
2.04
2.04
2.03
2.02
2.03
2.03
2.03
2.04
2.05
2.05
2.05
2.06
2.06
2.07
2.07
2.07
2.08
2.09
2.1
2.1
2.09
2.07
2.08
2.09
2.08
2.07
2.07
2.07
2.07
2.07
2.04
2.05
2.06
2.07
2.06
2.07
2.08
2.08
2.08
2.07
2.07
2.05
2.04
2.04
2.06
2.06
2.06
2.06
2.04
2.04
2.06
2.05
2.05
2.05
2.06
2.07
2.07
2.08
2.08
2.07
2.06
2.06
2.07
2.09
2.1
2.1
2.11
2.11
2.12
2.13
2.14
2.14
2.16
2.15
2.16
2.17
2.18
2.19
2.2
2.23
2.22
2.2
2.22
2.23
2.23
2.23
2.24
2.27
2.28
2.29
2.27
2.3
2.33
2.32
2.33
2.31
2.31
2.25
2.27
2.27
2.27
2.24
2.22
2.22
2.23
2.25
2.24
2.23
2.23
2.22
2.22
2.22
2.21
2.22
2.22
2.23
2.24
2.25
2.25
2.25
2.25
2.24
2.24
2.25
2.25
2.24
2.24
2.22
2.2
2.17
2.15
2.15
2.14
2.16
2.16
2.16
2.16
2.19
2.2
2.2
2.19
2.19
2.18
2.19
2.18
2.15
2.17
2.16
2.16
2.16
2.15
2.14
2.15
2.15
2.15
2.11
2.11
2.11
2.1
2.1
2.07
2.07
2.07
2.07
2.07
2.11
2.09
2.09
2.11
2.11
2.14
2.16
2.18
2.17
2.17
2.16
2.16
2.16
2.17
2.18
2.2
2.21
2.19
2.18
2.19
2.17
2.17
2.19
2.19
2.2
2.2
2.2
2.2
2.2
2.2
2.2
2.21
2.21
2.25
2.23
2.22
2.24
2.24
2.24
2.26
2.26
2.27
2.26
2.26
2.28
2.28
2.27
2.28
2.29
2.28
2.28
2.28
2.28
2.26
2.25
2.25
2.26
2.27
2.27
2.29
2.29
2.31
2.3
2.3
2.3
2.31
2.31
2.3
2.27
2.28
2.29
2.27
2.28
2.28
2.29
2.28
2.27
2.24
2.24
2.24
2.23
2.23
2.22
2.23
2.23
2.22
2.21
2.19
2.19
2.19
2.19
2.18
2.19
2.19
2.19
2.17
2.17
2.16
2.15
2.15
2.14
2.14
2.14
2.18
2.19
2.19
2.2
2.2
2.19
2.22
2.22
2.22
2.24
2.23
2.27
2.26
2.27
2.28
2.27
2.26
2.26
2.26
2.28
2.28
2.28
2.29
2.27
2.28
2.28
2.3
2.3
2.28
2.28
2.29
2.33
2.33
2.34
2.37
2.36
2.35
2.34
2.34
2.3
2.32
2.33
2.33
2.35
2.33
2.33
2.34
2.34
2.34
2.33
2.33
2.34
2.34
2.34
2.34
2.34
2.34
2.35
2.36
2.36
2.36
2.35
2.38
2.37
2.37
2.38
2.38
2.38
2.37
2.37
2.38
2.37
2.38
2.39
2.38
2.4
2.39
2.39
2.37
2.35
2.34
2.33
2.34
2.36
2.37
2.37
2.37
2.37
2.37
2.38
2.38
2.38
2.37
2.36
2.37
2.37
2.37
2.37
2.38
2.39
2.39
2.4
2.42
2.42
2.42
2.41
2.42
2.4
2.4
2.41
2.41
2.4
2.39
2.39
2.38
2.39
2.4
2.4
2.4
2.4
2.39
2.39
2.39
2.39
2.39
2.39
2.4
2.39
2.39
2.4
2.4
2.41
2.41
2.42
2.41
2.43
2.44
2.43
2.44
2.44
2.44
2.43
2.44
2.44
2.44
2.44
2.45
2.44
2.42
2.4
2.41
2.42
2.4
2.39
2.39
2.38
2.39
2.36
2.34
2.36
2.37
2.36
2.35
2.34
2.35
2.34
2.34
2.34
2.34
2.34
2.31
2.32
2.33
2.31
2.33
2.32
2.34
2.35
2.37
2.36
2.38
2.37
2.39
2.39
2.38
2.42
2.42
2.41
2.4
2.4
2.4
2.39
2.4
2.4
2.39
2.41
2.42
2.43
2.4
2.41
2.42
2.4
2.41
2.4
2.37
2.35
2.35
2.36
2.34
2.34
2.34
2.34
2.34
2.28
2.26
2.27
2.28
2.31
2.24
2.23
2.23
2.23
2.2
2.18
2.21
2.2
2.2
2.19
2.22
2.23
2.22
2.22
2.22
2.24
2.25
2.28
2.28
2.26
2.25
2.27
2.26
2.25
2.23
2.24
2.23
2.25
2.22
2.2
2.18
2.2
2.2
2.19
2.19
2.16
2.18
2.15
2.15
2.15
2.16
2.16
2.19
2.17
2.17
2.16
2.16
2.14
2.14
2.14
2.12
2.11
2.12
2.1
2.12
2.1
2.09
2.08
2.07
2.07
2.09
2.08
2.08
2.07
2.07
2.07
2.06
2.07
2.07
2.06
2.04
2.02
1.94
1.93
1.94
1.94
1.97
1.95
1.96
2
1.99
2
1.98
1.97
1.99
2
1.98
1.95
1.95
1.94
1.93
1.9
1.88
1.89
1.9
1.9
1.88
1.88
1.89
1.88
1.86
1.89
1.88
1.88
1.87
1.85
1.86
1.85
1.86
1.86
1.86
1.86
1.86
1.84
1.8
1.79
1.81
1.8
1.79
1.77
1.78
1.81
1.8
1.8
1.82
1.83
1.83
1.86
1.88
1.85
1.82
1.85
1.84
1.85
1.85
1.83
1.84
1.84
1.84
1.79
1.78
1.8
1.78
1.8
1.83
1.85
1.83
1.83
1.85
1.83
1.81
1.79
1.79
1.78
1.79
1.8
1.83
1.82
1.85
1.85
1.87
1.9
1.9
1.86
1.85
1.85
1.83
1.84
1.82
1.82
1.81
1.82
1.81
1.81
1.82
1.83
1.86
1.87
1.88
1.87
1.88
1.89
1.87
1.89
1.91
1.91
1.89
1.91
1.91
1.9
1.9
1.92
1.93
1.96
1.96
1.95
1.95
1.93
1.94
1.94
1.93
1.92
1.89
1.88
1.87
1.89
1.89
1.89
1.88
1.87
1.89
1.89
1.89
1.89
1.89
1.91
1.92
1.93
1.91
1.93
1.92
1.92
1.89
1.87
1.87
1.86
1.87
1.88
1.89
1.88
1.88
1.87
1.85
1.87
1.87
1.87
1.88
1.86
1.86
1.86
1.87
1.86
1.86
1.84
1.85
1.85
1.83
1.84
1.85
1.85
1.85
1.83
1.83
1.83
1.82
1.82
1.81
1.82
1.83
1.84
1.83
1.8
1.81
1.81
1.8
1.81
1.8
1.81
1.81
1.8
1.8
1.8
1.8
1.8
1.79
1.78
1.78
1.78
1.79
1.79
1.77
1.75
1.76
1.75
1.75
1.77
1.77
1.76
1.76
1.76
1.77
1.77
1.78
1.78
1.77
1.78
1.77
1.79
1.79
1.79
1.81
1.79
1.81
1.82
1.83
1.84
1.83
1.84
1.82
1.82
1.82
1.81
1.8
1.78
1.8
1.8
1.8
1.8
1.79
1.79
1.79
1.79
1.8
1.8
1.79
1.78
1.77
1.76
1.77
1.76
1.76
1.75
1.74
1.74
1.73
1.74
1.73
1.73
1.72
1.72
1.74
1.74
1.74
1.73
1.72
1.71
1.71
1.72
1.73
1.72
1.72
1.72
1.72
1.74
1.74
1.76
1.75
1.77
1.76
1.76
1.74
1.74
1.74
1.75
1.75
1.73
1.72
1.71
1.7
1.7
1.7
1.7
1.7
1.7
1.71
1.72
1.72
1.74
1.74
1.77
1.76
1.76
1.74
1.71
1.72
1.72
1.74
1.73
1.73
1.72
1.73
1.71
1.71
1.71
1.71
1.71
1.71
1.71
1.71
1.72
1.71
1.71
1.7
1.69
1.7
1.69
1.7
1.68
1.69
1.69
1.7
1.7
1.72
1.71
1.71
1.7
1.71
1.71
1.7
1.7
1.7
1.68
1.69
1.68
1.68
1.68
1.68
1.68
1.67
1.66
1.65
1.66
1.66
1.65
1.63
1.62
1.6
1.6
1.62
1.59
1.6
1.6
1.59
1.61
1.63
1.63
1.64
1.64
1.62
1.63
1.63
1.61
1.61
1.61
1.62
1.61
1.62
1.6
1.61
1.6
1.61
1.6
1.6
1.61
1.62
1.63
1.62
1.62
1.62
1.62
1.62
1.61
1.61
1.59
1.58
1.58
1.58
1.58
1.59
1.58
1.57
1.57
1.57
1.54
1.54
1.55
1.54
1.54
1.52
1.52
1.51
1.52
1.52
1.53
1.54
1.54
1.55
1.54
1.54
1.54
1.55
1.54
1.54
1.52
1.53
1.53
1.53
1.51
1.5
1.51
1.51
1.51
1.52
1.5
1.5
1.51
1.5
1.51
1.51
1.51
1.5
1.49
1.47
1.47
1.46
1.46
1.46
1.45
1.45
1.47
1.48
1.48
1.49
1.51
1.52
1.5
1.51
1.53
1.54
1.54
1.54
1.55
1.56
1.55
1.54
1.55
1.54
1.57
1.57
1.57
1.56
1.56
1.57
1.58
1.58
1.58
1.58
1.57
1.56
1.57
1.57
1.57
1.56
1.55
1.56
1.55
1.56
1.56
1.57
1.59
1.6
1.6
1.6
1.59
1.58
1.57
1.58
1.57
1.57
1.58
1.57
1.55
1.52
1.52
1.53
1.52
1.53
1.53
1.53
1.54
1.55
1.54
1.53
1.53
1.53
1.53
1.53
1.54
1.54
1.54
1.53
1.53
1.53
1.53
1.52
1.52
1.52
1.52
1.53
1.52
1.52
1.53
1.53
1.53
1.52
1.51
1.51
1.51
1.49
1.49
1.49
1.49
1.48
1.48
1.48
1.49
1.51
1.51
1.52
1.52
1.53
1.53
1.52
1.51
1.5
1.5
1.5
1.49
1.5
1.5
1.5
1.49
1.49
1.49
1.5
1.49
1.49
1.5
1.5
1.51
1.51
1.51
1.5
1.5
1.5
1.5
1.5
1.5
1.5
1.48
1.48
1.49
1.49
1.51
1.51
1.5
1.5
1.5
1.5
1.5
1.5
1.5
1.5
1.5
1.5
1.5
1.49
1.5
1.5
1.49
1.49
1.49
1.49
1.49
1.48
1.49
1.48
1.49
1.48
1.48
1.47
1.47
1.47
1.47
1.46
1.46
1.46
1.46
1.46
1.46
1.45
1.45
1.44
1.44
1.44
1.43
1.42
1.42
1.42
1.42
1.42
1.42
1.42
1.43
1.43
1.43
1.44
1.45
1.45
1.43
1.42
1.41
1.41
1.4
1.4
1.4
1.4
1.41
1.42
1.41
1.41
1.42
1.4
1.4
1.4
1.4
1.41
1.4
1.41
1.4
1.41
1.42
1.43
1.42
1.41
1.41
1.42
1.41
1.43
1.44
1.45
1.45
1.44
1.45
1.46
1.47
1.47
1.49
1.49
1.48
1.48
1.48
1.48
1.48
1.46
1.46
1.45
1.47
1.47
1.46
1.45
1.44
1.44
1.43
1.43
1.44
1.45
1.45
1.45
1.45
1.44
1.43
1.43
1.43
1.43
1.43
1.43
1.44
1.44
1.43
1.43
1.42
1.42
1.42
1.42
1.42
1.42
1.41
1.41
1.4
1.4
1.4
1.4
1.4
1.41
1.41
1.39
1.38
1.39
1.38
1.38
1.39
1.39
1.39
1.39
1.39
1.39
1.39
1.38
1.38
1.38
1.39
1.38
1.39
1.4
1.4
1.39
1.4
1.4
1.39
1.39
1.38
1.39
1.39
1.38
1.37
1.38
1.37
1.36
1.36
1.35
1.35
1.35
1.35
1.36
1.35
1.34
1.32
1.32
1.31
1.31
1.31
1.31
1.32
1.33
1.32
1.31
1.33
1.32
1.32
1.32
1.33
1.33
1.31
1.31
1.31
1.3
1.31
1.33
1.32
1.31
1.31
1.31
1.31
1.31
1.32
1.32
1.33
1.32
1.32
1.31
1.31
1.31
1.31
1.31
1.31
1.32
1.31
1.31
1.29
1.28
1.29
1.27
1.28
1.28
1.28
1.27
1.27
1.24
1.23
1.24
1.22
1.25
1.25
1.23
1.24
1.25
1.23
1.24
1.24
1.25
1.25
1.24
1.23
1.23
1.23
1.22
1.21
1.2
1.2
1.19
1.19
1.2
1.21
1.22
1.23
1.22
1.21
1.21
1.22
1.24
1.25
1.27
1.27
1.27
1.26
1.27
1.26
1.26
1.25
1.25
1.24
1.23
1.22
1.2
1.21
1.2
1.2
1.2
1.19
1.21
1.21
1.21
1.2
1.2
1.2
1.2
1.19
1.19
1.19
1.19
1.17
1.16
1.17
1.17
1.17
1.16
1.16
1.16
1.15
1.15
1.15
1.14
1.15
1.14
1.13
1.12
1.11
1.12
1.12
1.12
1.12
1.12
1.11
1.12
1.11
1.11
1.11
1.13
1.13
1.12
1.11
1.11
1.11
1.12
1.11
1.1
1.09
1.09
1.1
1.09
1.09
1.08
1.08
1.05
1.05
1.09
1.08
1.07
1.07
1.05
1.07
1.07
1.06
1.09
1.09
1.09
1.08
1.08
1.11
1.14
1.15
1.19
1.17
1.17
1.18
1.24
1.23
1.24
1.22
1.21
1.22
1.19
1.2
1.2
1.21
1.22
1.25
1.25
1.28
1.28
1.27
1.29
1.29
1.28
1.25
1.23
1.2
1.22
1.23
1.24
1.22
1.22
1.21
1.19
1.22
1.21
1.24
1.23
1.25
1.27
1.26
1.26
1.27
1.28
1.27
1.26
1.26
1.26
1.25
1.27
1.27
1.29
1.29
1.28
1.26
1.27
1.27
1.26
1.26
1.27
1.27
1.28
1.28
1.3
1.31
1.28
1.29
1.29
1.29
1.3
1.29
1.31
1.31
1.3
1.31
1.33
1.34
1.37
1.39
1.38
1.39
1.39
1.39
1.41
1.4
1.4
1.39
1.41
1.4
1.41
1.41
1.43
1.42
1.41
1.38
1.37
1.37
1.35
1.34
1.36
1.36
1.38
1.39
1.38
1.4
1.4
1.4
1.39
1.39
1.41
1.4
1.41
1.39
1.4
1.4
1.39
1.37
1.37
1.37
1.33
1.3
1.31
1.31
1.32
1.34
1.34
1.34
1.34
1.34
1.37
1.43
1.43
1.44
1.44
1.4
1.41
1.41
1.41
1.43
1.42
1.41
1.41
1.41
1.41
1.41
1.41
1.41
1.41
1.43
1.43
1.43
1.43
1.42
1.42
1.43
1.44
1.44
1.44
1.44
1.44
1.43
1.44
1.42
1.42
1.41
1.42
1.43
1.42
1.43
1.43
1.43
1.44
1.46
1.46
1.47
1.47
1.49
1.49
1.48
1.49
1.48
1.48
1.46
1.44
1.42
1.44
1.44
1.44
1.44
1.42
1.42
1.43
1.43
1.43
1.43
1.44
1.44
1.45
1.45
1.44
1.44
1.44
1.44
1.45
1.45
1.44
1.44
1.44
1.44
1.44
1.41
1.39
1.38
1.39
1.39
1.41
1.4
1.41
1.41
1.39
1.38
1.39
1.4
1.4
1.41
1.41
1.41
1.42
1.42
1.43
1.45
1.45
1.45
1.46
1.49
1.49
1.48
1.45
1.44
1.46
1.45
1.46
1.45
1.44
1.46
1.47
1.46
1.46
1.46
1.48
1.48
1.49
1.5
1.49
1.46
1.48
1.48
1.47
1.47
1.47
1.46
1.46
1.45
1.46
1.46
1.46
1.46
1.48
1.48
1.48
1.51
1.53
1.52
1.51
1.52
1.52
1.53
1.54
1.56
1.55
1.55
1.53
1.52
1.54
1.53
1.54
1.54
1.54
1.55
1.53
1.54
1.54
1.53
1.52
1.52
1.52
1.49
1.49
1.51
1.5
1.49
1.47
1.47
1.49
1.48
1.5
1.5
1.5
1.52
1.53
1.52
1.52
1.52
1.5
1.5
1.5
1.5
1.5
1.52
1.52
1.52
1.53
1.53
1.55
1.54
1.55
1.53
1.53
1.52
1.52
1.5
1.48
1.49
1.51
1.52
1.5
1.5
1.49
1.49
1.49
1.48
1.48
1.49
1.49
1.49
1.49
1.47
1.49
1.48
1.48
1.47
1.49
1.48
1.49
1.49
1.49
1.49
1.5
1.5
1.5
1.49
1.48
1.48
1.48
1.48
1.49
1.49
1.5
1.5
1.5
1.49
1.48
1.48
1.47
1.48
1.48
1.48
1.48
1.47
1.48
1.46
1.45
1.45
1.43
1.44
1.43
1.45
1.44
1.43
1.44
1.44
1.43
1.42
1.42
1.43
1.44
1.44
1.44
1.43
1.43
1.44
1.43
1.42
1.41
1.41
1.42
1.41
1.4
1.41
1.41
1.41
1.42
1.43
1.43
1.44
1.43
1.42
1.43
1.43
1.42
1.42
1.41
1.42
1.42
1.42
1.43
1.43
1.44
1.43
1.43
1.43
1.43
1.42
1.42
1.43
1.42
1.43
1.43
1.43
1.43
1.43
1.43
1.44
1.45
1.46
1.46
1.47
1.47
1.48
1.49
1.47
1.48
1.47
1.48
1.48
1.49
1.49
1.51
1.5
1.52
1.52
1.52
1.53
1.52
1.53
1.54
1.54
1.54
1.51
1.52
1.53
1.52
1.52
1.51
1.52
1.54
1.52
1.52
1.52
1.53
1.53
1.53
1.53
1.54
1.54
1.54
1.54
1.55
1.56
1.56
1.56
1.58
1.59
1.59
1.58
1.59
1.59
1.58
1.58
1.6
1.61
1.6
1.6
1.62
1.61
1.61
1.61
1.6
1.61
1.61
1.6
1.61
1.61
1.62
1.62
1.61
1.62
1.63
1.62
1.63
1.63
1.63
1.63
1.63
1.63
1.63
1.64
1.66
1.67
1.65
1.66
1.66
1.67
1.68
1.69
1.68
1.68
1.67
1.66
1.67
1.67
1.68
1.68
1.68
1.68
1.68
1.68
1.67
1.63
1.61
1.63
1.63
1.62
1.64
1.64
1.62
1.63
1.64
1.66
1.66
1.66
1.65
1.63
1.63
1.63
1.63
1.62
1.6
1.6
1.62
1.61
1.61
1.6
1.61
1.62
1.62
1.61
1.62
1.62
1.62
1.62
1.61
1.62
1.61
1.63
1.63
1.61
1.6
1.6
1.6
1.6
1.6
1.6
1.6
1.6
1.59
1.59
1.58
1.57
1.58
1.58
1.57
1.57
1.57
1.58
1.58
1.59
1.59
1.62
1.62
1.62
1.63
1.63
1.62
1.62
1.63
1.63
1.63
1.64
1.65
1.66
1.65
1.66
1.65
1.64
1.65
1.64
1.64
1.65
1.65
1.66
1.65
1.64
1.64
1.64
1.64
1.64
1.63
1.62
1.62
1.62
1.62
1.63
1.64
1.64
1.65
1.65
1.65
1.66
1.66
1.68
1.65
1.65
1.65
1.68
1.69
1.7
1.71
1.72
1.72
1.74
1.74
1.75
1.78
1.78
1.79
1.79
1.76
1.77
1.75
1.76
1.77
1.78
1.78
1.79
1.77
1.79
1.81
1.83
1.82
1.81
1.81
1.8
1.79
1.8
1.8
1.83
1.84
1.84
1.83
1.83
1.84
1.83
1.83
1.83
1.82
1.83
1.86
1.86
1.86
1.89
1.88
1.83
1.81
1.82
1.81
1.82
1.82
1.83
1.81
1.78
1.78
1.79
1.8
1.78
1.77
1.77
1.78
1.78
1.77
1.76
1.77
1.77
1.76
1.76
1.75
1.75
1.76
1.76
1.74
1.75
1.75
1.74
1.75
1.76
1.77
1.76
1.76
1.77
1.77
1.78
1.77
1.77
1.77
1.82
1.84
1.85
1.84
1.85
1.85
1.85
1.85
1.83
1.82
1.83
1.83
1.84
1.84
1.84
1.86
1.87
1.88
1.89
1.89
1.89
1.88
1.88
1.87
1.88
1.85
1.85
1.84
1.88
1.89
1.91
1.89
1.89
1.9
1.89
1.87
1.88
1.88
1.87
1.88
1.87
1.87
1.86
1.87
1.86
1.88
1.88
1.89
1.88
1.89
1.89
1.86
1.86
1.87
1.86
1.87
1.87
1.86
1.86
1.86
1.84
1.82
1.8
1.79
1.8
1.81
1.82
1.81
1.82
1.82
1.79
1.79
1.79
1.78
1.78
1.79
1.77
1.76
1.73
1.7
1.72
1.71
1.71
1.7
1.71
1.71
1.72
1.7
1.69
1.7
1.69
1.69
1.66
1.67
1.69
1.71
1.73
1.74
1.73
1.71
1.73
1.72
1.71
1.71
1.71
1.71
1.71
1.69
1.7
1.69
1.69
1.69
1.72
1.71
1.72
1.69
1.7
1.7
1.68
1.68
1.68
1.7
1.69
1.69
1.69
1.68
1.67
1.68
1.7
1.71
1.7
1.7
1.7
1.7
1.67
1.68
1.68
1.68
1.69
1.68
1.67
1.67
1.67
1.68
1.69
1.68
1.69
1.7
1.69
1.7
1.69
1.7
1.72
1.73
1.75
1.76
1.75
1.75
1.75
1.76
1.76
1.75
1.75
1.76
1.77
1.77
1.77
1.77
1.78
1.78
1.77
1.78
1.77
1.79
1.8
1.81
1.81
1.82
1.82
1.82
1.82
1.83
1.84
1.84
1.84
1.85
1.85
1.85
1.86
1.87
1.87
1.84
1.85
1.85
1.84
1.83
1.83
1.83
1.81
1.82
1.8
1.81
1.8
1.8
1.8
1.79
1.79
1.81
1.82
1.81
1.8
1.78
1.76
1.76
1.78
1.78
1.78
1.77
1.75
1.75
1.77
1.77
1.77
1.77
1.77
1.76
1.76
1.75
1.75
1.75
1.74
1.73
1.74
1.74
1.75
1.75
1.75
1.77
1.77
1.77
1.78
1.75
1.75
1.76
1.75
1.74
1.74
1.72
1.72
1.72
1.72
1.72
1.72
1.72
1.72
1.71
1.73
1.72
1.72
1.71
1.71
1.72
1.72
1.72
1.72
1.71
1.69
1.69
1.69
1.69
1.69
1.71
1.7
1.7
1.7
1.7
1.69
1.69
1.7
1.7
1.72
1.72
1.71
1.72
1.71
1.7
1.7
1.69
1.69
1.69
1.68
1.69
1.68
1.68
1.67
1.67
1.66
1.67
1.67
1.66
1.64
1.64
1.61
1.62
1.62
1.58
1.57
1.57
1.58
1.59
1.56
1.57
1.57
1.59
1.58
1.57
1.58
1.57
1.55
1.53
1.52
1.51
1.52
1.53
1.55
1.55
1.55
1.55
1.57
1.54
1.57
1.56
1.55
1.55
1.58
1.62
1.62
1.62
1.64
1.63
1.63
1.62
1.61
1.61
1.63
1.62
1.63
1.62
1.62
1.63
1.65
1.66
1.64
1.67
1.65
1.66
1.64
1.61
1.61
1.63
1.62
1.63
1.59
1.58
1.57
1.58
1.56
1.57
1.58
1.58
1.57
1.57
1.57
1.57
1.58
1.58
1.57
1.56
1.54
1.55
1.55
1.55
1.55
1.55
1.55
1.56
1.54
1.57
1.57
1.58
1.58
1.58
1.61
1.62
1.61
1.61
1.61
1.62
1.61
1.6
1.61
1.6
1.56
1.54
1.55
1.56
1.57
1.58
1.59
1.59
1.59
1.59
1.61
1.61
1.61
1.58
1.58
1.58
1.58
1.56
1.57
1.58
1.58
1.59
1.59
1.58
1.58
1.58
1.58
1.58
1.57
1.56
1.57
1.57
1.56
1.56
1.56
1.57
1.57
1.57
1.56
1.57
1.58
1.58
1.57
1.59
1.6
1.59
1.6
1.6
1.6
1.6
1.6
1.61
1.62
1.63
1.62
1.61
1.61
1.61
1.61
1.63
1.64
1.65
1.65
1.66
1.66
1.67
1.66
1.65
1.64
1.65
1.64
1.65
1.66
1.66
1.66
1.68
1.68
1.68
1.68
1.68
1.7
1.7
1.7
1.69
1.69
1.7
1.69
1.7
1.69
1.7
1.7
1.72
1.71
1.71
1.69
1.69
1.69
1.67
1.65
1.64
1.65
1.64
1.64
1.62
1.61
1.6
1.61
1.62
1.62
1.61
1.61
1.59
1.6
1.6
1.62
1.63
1.63
1.63
1.65
1.63
1.64
1.64
1.64
1.64
1.64
1.63
1.64
1.64
1.64
1.63
1.63
1.64
1.64
1.64
1.64
1.63
1.64
1.63
1.64
1.64
1.64
1.64
1.64
1.66
1.67
1.67
1.68
1.68
1.68
1.68
1.68
1.68
1.69
1.69
1.69
1.69
1.69
1.69
1.69
1.69
1.69
1.68
1.68
1.68
1.68
1.69
1.69
1.68
1.69
1.7
1.71
1.71
1.71
1.71
1.72
1.72
1.73
1.73
1.73
1.74
1.74
1.74
1.75
1.76
1.78
1.78
1.79
1.81
1.82
1.8
1.8
1.81
1.8
1.81
1.82
1.81
1.81
1.82
1.82
1.81
1.81
1.83
1.84
1.86
1.86
1.85
1.86
1.87
1.88
1.87
1.87
1.87
1.88
1.89
1.9
1.9
1.92
1.92
1.92
1.93
1.95
1.95
1.94
1.95
1.95
1.92
1.89
1.88
1.9
1.91
1.89
1.86
1.85
1.86
1.88
1.9
1.9
1.92
1.88
1.87
1.85
1.88
1.88
1.86
1.87
1.87
1.89
1.89
1.9
1.91
1.95
1.97
1.97
1.96
1.97
1.95
1.96
1.97
1.95
1.96
1.95
1.95
1.96
1.95
1.96
1.95
1.95
1.94
1.95
1.95
1.97
1.97
1.98
1.97
1.97
1.96
1.96
1.96
1.97
1.97
1.97
1.97
1.97
1.97
1.98
1.97
1.95
1.94
1.92
1.93
1.92
1.94
1.95
1.94
1.94
1.94
1.94
1.94
1.93
1.94
1.93
1.91
1.89
1.87
1.89
1.89
1.92
1.93
1.94
1.95
1.93
1.91
1.91
1.93
1.91
1.91
1.9
1.9
1.9
1.92
1.94
1.95
1.96
1.96
1.96
1.96
1.97
1.96
1.97
1.98
1.98
1.98
2
2
1.99
2
1.99
1.99
1.98
1.97
1.95
1.95
1.96
1.94
1.92
1.92
1.92
1.91
1.9
1.9
1.9
1.89
1.89
1.87
1.85
1.86
1.86
1.86
1.83
1.79
1.77
1.78
1.79
1.79
1.76
1.75
1.74
1.74
1.75
1.76
1.77
1.78
1.79
1.77
1.77
1.79
1.78
1.79
1.78
1.79
1.79
1.78
1.77
1.72
1.69
1.71
1.69
1.69
1.69
1.68
1.72
1.73
1.72
1.7
1.71
1.72
1.72
1.7
1.72
1.73
1.74
1.75
1.75
1.71
1.72
1.74
1.73
1.73
1.73
1.75
1.73
1.72
1.7
1.7
1.7
1.69
1.69
1.67
1.67
1.66
1.64
1.64
1.64
1.63
1.61
1.63
1.63
1.63
1.64
1.63
1.64
1.63
1.62
1.61
1.6
1.61
1.62
1.63
1.62
1.62
1.61
1.65
1.65
1.64
1.65
1.67
1.69
1.68
1.68
1.69
1.68
1.69
1.67
1.68
1.68
1.67
1.69
1.71
1.71
1.71
1.7
1.7
1.7
1.69
1.69
1.69
1.66
1.63
1.64
1.68
1.7
1.67
1.68
1.68
1.69
1.68
1.68
1.69
1.69
1.69
1.7
1.73
1.73
1.73
1.73
1.73
1.74
1.74
1.73
1.73
1.73
1.74
1.74
1.73
1.73
1.74
1.75
1.75
1.75
1.75
1.74
1.74
1.71
1.72
1.71
1.72
1.7
1.71
1.71
1.73
1.72
1.71
1.71
1.71
1.71
1.7
1.72
1.74
1.74
1.75
1.78
1.77
1.77
1.78
1.77
1.77
1.77
1.78
1.77
1.79
1.8
1.8
1.8
1.8
1.8
1.8
1.77
1.77
1.78
1.77
1.77
1.79
1.81
1.81
1.81
1.81
1.81
1.82
1.82
1.82
1.83
1.83
1.86
1.88
1.87
1.88
1.88
1.87
1.87
1.87
1.85
1.88
1.87
1.87
1.83
1.79
1.8
1.79
1.75
1.76
1.78
1.81
1.81
1.8
1.81
1.78
1.79
1.81
1.77
1.79
1.8
1.8
1.81
1.82
1.84
1.83
1.8
1.79
1.77
1.77
1.75
1.75
1.75
1.75
1.75
1.76
1.75
1.75
1.76
1.75
1.74
1.72
1.72
1.72
1.72
1.71
1.73
1.71
1.71
1.72
1.73
1.73
1.71
1.71
1.72
1.72
1.73
1.72
1.74
1.73
1.74
1.73
1.73
1.74
1.75
1.75
1.75
1.76
1.77
1.76
1.77
1.76
1.75
1.75
1.74
1.75
1.76
1.76
1.77
1.78
1.78
1.77
1.78
1.79
1.78
1.78
1.79
1.8
1.79
1.79
1.81
1.81
1.82
1.82
1.84
1.84
1.83
1.82
1.81
1.83
1.8
1.81
1.83
1.82
1.82
1.82
1.83
1.84
1.83
1.83
1.83
1.85
1.85
1.86
1.86
1.85
1.87
1.86
1.86
1.86
1.88
1.89
1.89
1.91
1.9
1.91
1.92
1.91
1.91
1.92
1.92
1.9
1.92
1.93
1.91
1.93
1.94
1.95
1.92
1.91
1.9
1.91
1.9
1.92
1.93
1.92
1.92
1.92
1.92
1.92
1.91
1.91
1.93
1.93
1.92
1.93
1.93
1.92
1.93
1.93
1.94
1.94
1.95
1.99
1.99
1.99
1.98
1.98
1.99
2
2
1.98
1.99
2
1.98
1.98
1.92
1.89
1.87
1.81
1.78
1.74
1.71
1.71
1.71
1.71
1.71
1.73
1.77
1.78
1.73
1.71
1.7
1.71
1.72
1.69
1.7
1.71
1.71
1.7
1.66
1.63
1.62
1.61
1.62
1.61
1.59
1.58
1.58
1.57
1.56
1.53
1.55
1.55
1.54
1.54
1.52
1.51
1.52
1.55
1.52
1.52
1.52
1.53
1.52
1.52
1.52
1.53
1.51
1.51
1.54
1.55
1.57
1.56
1.59
1.6
1.57
1.56
1.56
1.57
1.57
1.58
1.57
1.57
1.56
1.54
1.53
1.52
1.51
1.51
1.51
1.51
1.5
1.55
1.54
1.54
1.54
1.55
1.54
1.54
1.54
1.53
1.55
1.54
1.52
1.53
1.56
1.54
1.51
1.52
1.49
1.45
1.45
1.43
1.45
1.45
1.44
1.43
1.43
1.42
1.42
1.45
1.44
1.45
1.45
1.45
1.46
1.44
1.43
1.42
1.44
1.45
1.45
1.45
1.45
1.45
1.43
1.43
1.43
1.43
1.43
1.44
1.45
1.48
1.49
1.49
1.48
1.48
1.47
1.49
1.49
1.5
1.51
1.53
1.51
1.52
1.51
1.51
1.53
1.53
1.55
1.56
1.55
1.54
1.53
1.54
1.54
1.54
1.55
1.58
1.59
1.58
1.57
1.57
1.57
1.56
1.57
1.57
1.57
1.57
1.54
1.54
1.53
1.53
1.54
1.53
1.53
1.54
1.56
1.54
1.54
1.54
1.55
1.55
1.56
1.55
1.54
1.54
1.52
1.52
1.52
1.52
1.52
1.52
1.53
1.52
1.5
1.51
1.5
1.49
1.48
1.47
1.47
1.48
1.49
1.5
1.49
1.51
1.51
1.51
1.49
1.49
1.48
1.48
1.49
1.5
1.49
1.48
1.5
1.5
1.52
1.51
1.5
1.5
1.49
1.49
1.49
1.49
1.49
1.5
1.5
1.49
1.5
1.49
1.48
1.47
1.46
1.46
1.48
1.49
1.51
1.51
1.51
1.5
1.5
1.48
1.5
1.5
1.49
1.49
1.51
1.5
1.53
1.54
1.54
1.55
1.55
1.54
1.55
1.55
1.53
1.53
1.53
1.5
1.52
1.51
1.5
1.51
1.52
1.51
1.5
1.5
1.51
1.52
1.53
1.52
1.54
1.53
1.52
1.51
1.51
1.5
1.49
1.49
1.49
1.47
1.49
1.48
1.48
1.48
1.49
1.48
1.48
1.48
1.48
1.49
1.48
1.47
1.48
1.48
1.49
1.48
1.48
1.48
1.47
1.47
1.49
1.49
1.48
1.49
1.49
1.48
1.48
1.49
1.5
1.49
1.5
1.49
1.49
1.49
1.49
1.48
1.49
1.49
1.49
1.49
1.49
1.5
1.5
1.5
1.51
1.49
1.48
1.48
1.48
1.48
1.49
1.49
1.49
1.49
1.49
1.5
1.5
1.49
1.5
1.49
1.5
1.49
1.49
1.49
1.49
1.49
1.5
1.5
1.5
1.5
1.49
1.48
1.48
1.47
1.46
1.46
1.46
1.47
1.48
1.48
1.48
1.48
1.48
1.48
1.48
1.49
1.49
1.49
1.49
1.5
1.49
1.49
1.49
1.49
1.5
1.5
1.49
1.49
1.49
1.49
1.49
1.48
1.49
1.49
1.49
1.5
1.5
1.49
1.48
1.49
1.47
1.47
1.46
1.47
1.47
1.48
1.47
1.47
1.48
1.48
1.47
1.47
1.48
1.49
1.49
1.49
1.49
1.5
1.51
1.51
1.51
1.52
1.51
1.5
1.5
1.49
1.5
1.49
1.49
1.5
1.5
1.5
1.51
1.51
1.51
1.51
1.51
1.51
1.51
1.51
1.51
1.51
1.52
1.51
1.51
1.51
1.51
1.51
1.51
1.51
1.52
1.52
1.52
1.52
1.53
1.54
1.54
1.53
1.54
1.55
1.55
1.55
1.55
1.55
1.54
1.54
1.55
1.54
1.54
1.56
1.57
1.57
1.56
1.56
1.56
1.55
1.55
1.54
1.53
1.53
1.52
1.53
1.53
1.54
1.54
1.54
1.54
1.54
1.54
1.54
1.54
1.54
1.54
1.55
1.54
1.54
1.54
1.55
1.55
1.55
1.55
1.55
1.55
1.54
1.53
1.54
1.54
1.54
1.55
1.55
1.55
1.54
1.55
1.57
1.56
1.57
1.56
1.58
1.57
1.57
1.58
1.58
1.58
1.57
1.58
1.58
1.58
1.58
1.58
1.58
1.59
1.59
1.59
1.58
1.58
1.58
1.59
1.61
1.61
1.62
1.62
1.63
1.63
1.64
1.63
1.64
1.62
1.64
1.63
1.63
1.61
1.61
1.62
1.62
1.61
1.6
1.59
1.58
1.57
1.58
1.57
1.57
1.57
1.57
1.56
1.56
1.56
1.57
1.57
1.56
1.56
1.56
1.56
1.56
1.56
1.56
1.56
1.56
1.56
1.56
1.56
1.56
1.56
1.55
1.54
1.55
1.54
1.56
1.57
1.56
1.56
1.56
1.55
1.56
1.56
1.56
1.57
1.57
1.57
1.57
1.58
1.59
1.6
1.6
1.59
1.59
1.59
1.59
1.58
1.58
1.58
1.56
1.56
1.56
1.55
1.56
1.56
1.56
1.56
1.56
1.58
1.58
1.58
1.59
1.59
1.59
1.58
1.58
1.58
1.59
1.62
1.63
1.64
1.62
1.62
1.58
1.6
1.59
1.6
1.59
1.58
1.58
1.59
1.59
1.59
1.59
1.6
1.61
1.61
1.6
1.62
1.62
1.6
1.61
1.61
1.6
1.59
1.59
1.59
1.61
1.6
1.62
1.61
1.62
1.61
1.61
1.61
1.61
1.61
1.62
1.61
1.62
1.61
1.62
1.62
1.6
1.61
1.59
1.58
1.56
1.57
1.57
1.57
1.57
1.56
1.57
1.58
1.57
1.58
1.6
1.6
1.6
1.59
1.59
1.59
1.6
1.59
1.59
1.59
1.59
1.6
1.6
1.61
1.6
1.61
1.6
1.6
1.6
1.6
1.6
1.59
1.58
1.57
1.59
1.59
1.6
1.6
1.6
1.59
1.59
1.59
1.59
1.6
1.59
1.59
1.6
1.6
1.6
1.59
1.6
1.59
1.6
1.6
1.6
1.6
1.6
1.6
1.61
1.61
1.6
1.6
1.6
1.59
1.58
1.57
1.56
1.55
1.53
1.54
1.54
1.54
1.54
1.54
1.54
1.55
1.55
1.54
1.55
1.55
1.56
1.55
1.55
1.55
1.55
1.55
1.55
1.55
1.55
1.55
1.55
1.55
1.57
1.58
1.57
1.57
1.57
1.58
1.58
1.59
1.58
1.58
1.58
1.58
1.58
1.57
1.57
1.57
1.58
1.57
1.57
1.57
1.58
1.58
1.58
1.58
1.57
1.58
1.58
1.58
1.58
1.58
1.58
1.58
1.58
1.58
1.58
1.58
1.56
1.56
1.56
1.56
1.55
1.55
1.56
1.57
1.56
1.55
1.55
1.54
1.53
1.54
1.54
1.54
1.54
1.54
1.53
1.53
1.53
1.53
1.54
1.54
1.54
1.54
1.54
1.54
1.54
1.56
1.56
1.54
1.55
1.56
1.55
1.55
1.55
1.55
1.55
1.55
1.54
1.55
1.54
1.53
1.52
1.51
1.51
1.51
1.51
1.51
1.5
1.51
1.5
1.51
1.51
1.52
1.54
1.54
1.54
1.54
1.53
1.53
1.53
1.54
1.54
1.55
1.54
1.54
1.54
1.54
1.54
1.54
1.53
1.53
1.53
1.53
1.53
1.53
1.53
1.52
1.52
1.52
1.52
1.52
1.53
1.53
1.53
1.54
1.54
1.53
1.52
1.52
1.52
1.52
1.53
1.52
1.52
1.53
1.53
1.53
1.53
1.52
1.51
1.51
1.51
1.51
1.51
1.51
1.51
1.52
1.51
1.52
1.51
1.51
1.51
1.51
1.51
1.49
1.5
1.5
1.51
1.51
1.52
1.52
1.52
1.51
1.51
1.51
1.51
1.52
1.51
1.51
1.51
1.51
1.51
1.51
1.52
1.53
1.55
1.55
1.55
1.55
1.54
1.54
1.53
1.54
1.53
1.53
1.54
1.55
1.54
1.54
1.54
1.54
1.54
1.54
1.54
1.55
1.55
1.55
1.56
1.56
1.55
1.55
1.55
1.55
1.56
1.55
1.55
1.56
1.54
1.55
1.55
1.55
1.55
1.55
1.56
1.55
1.56
1.56
1.56
1.56
1.54
1.54
1.54
1.54
1.55
1.55
1.55
1.55
1.55
1.55
1.55
1.54
1.55
1.55
1.55
1.55
1.56
1.55
1.56
1.56
1.56
1.57
1.57
1.57
1.56
1.56
1.56
1.56
1.55
1.55
1.56
1.55
1.56
1.55
1.56
1.56
1.56
1.56
1.56
1.56
1.57
1.56
1.57
1.57
1.56
1.56
1.56
1.56
1.57
1.58
1.58
1.58
1.59
1.59
1.59
1.6
1.6
1.59
1.61
1.61
1.61
1.63
1.63
1.64
1.64
1.65
1.64
1.65
1.65
1.65
1.66
1.67
1.66
1.67
1.68
1.68
1.69
1.68
1.67
1.67
1.68
1.68
1.68
1.64
1.64
1.63
1.64
1.65
1.65
1.66
1.66
1.66
1.66
1.67
1.67
1.65
1.67
1.67
1.67
1.67
1.69
1.69
1.71
1.69
1.69
1.69
1.7
1.69
1.69
1.68
1.67
1.67
1.68
1.68
1.66
1.66
1.65
1.63
1.63
1.62
1.62
1.62
1.62
1.6
1.61
1.62
1.64
1.64
1.62
1.64
1.64
1.63
1.62
1.62
1.6
1.61
1.61
1.62
1.63
1.63
1.63
1.63
1.63
1.62
1.62
1.61
1.61
1.6
1.6
1.61
1.59
1.6
1.6
1.59
1.59
1.6
1.59
1.6
1.62
1.62
1.63
1.63
1.63
1.64
1.65
1.64
1.65
1.64
1.63
1.62
1.62
1.62
1.62
1.62
1.63
1.62
1.63
1.63
1.64
1.64
1.62
1.63
1.62
1.62
1.63
1.62
1.62
1.62
1.62
1.64
1.64
1.62
1.62
1.62
1.63
1.64
1.64
1.63
1.64
1.64
1.65
1.62
1.63
1.63
1.64
1.64
1.64
1.63
1.63
1.63
1.63
1.63
1.64
1.64
1.64
1.64
1.64
1.64
1.64
1.64
1.65
1.65
1.67
1.66
1.66
1.67
1.66
1.67
1.66
1.67
1.69
1.69
1.69
1.68
1.69
1.69
1.69
1.68
1.67
1.68
1.68
1.68
1.67
1.68
1.67
1.66
1.63
1.63
1.62
1.64
1.63
1.63
1.63
1.6
1.59
1.59
1.59
1.58
1.58
1.59
1.61
1.61
1.6
1.59
1.59
1.61
1.61
1.61
1.61
1.62
1.62
1.59
1.58
1.59
1.59
1.58
1.59
1.59
1.6
1.61
1.6
1.59
1.6
1.61
1.61
1.6
1.61
1.61
1.63
1.61
1.61
1.61
1.61
1.61
1.61
1.61
1.62
1.62
1.62
1.62
1.62
1.62
1.62
1.61
1.63
1.63
1.63
1.63
1.63
1.65
1.68
1.67
1.67
1.68
1.68
1.68
1.68
1.69
1.69
1.69
1.7
1.7
1.69
1.69
1.7
1.69
1.69
1.69
1.69
1.68
1.67
1.69
1.68
1.68
1.68
1.67
1.66
1.65
1.65
1.65
1.66
1.65
1.63
1.63
1.65
1.66
1.67
1.66
1.67
1.67
1.67
1.67
1.66
1.64
1.64
1.63
1.63
1.63
1.61
1.62
1.62
1.63
1.63
1.63
1.63
1.63
1.63
1.65
1.67
1.65
1.65
1.64
1.64
1.63
1.64
1.64
1.66
1.65
1.65
1.63
1.62
1.63
1.64
1.63
1.63
1.64
1.64
1.64
1.65
1.65
1.65
1.64
1.65
1.65
1.65
1.65
1.65
1.63
1.64
1.64
1.65
1.66
1.67
1.67
1.67
1.67
1.67
1.66
1.68
1.68
1.67
1.69
1.68
1.68
1.68
1.67
1.67
1.66
1.66
1.67
1.67
1.67
1.67
1.67
1.68
1.68
1.69
1.68
1.68
1.68
1.67
1.67
1.67
1.67
1.67
1.67
1.67
1.67
1.67
1.66
1.66
1.65
1.64
1.63
1.63
1.63
1.63
1.63
1.62
1.62
1.63
1.63
1.63
1.64
1.63
1.63
1.63
1.64
1.64
1.64
1.64
1.64
1.63
1.63
1.63
1.63
1.63
1.63
1.65
1.66
1.67
1.67
1.67
1.66
1.67
1.67
1.66
1.66
1.67
1.66
1.66
1.65
1.64
1.64
1.64
1.63
1.63
1.64
1.64
1.63
1.64
1.64
1.65
1.64
1.64
1.65
1.66
1.66
1.65
1.64
1.64
1.63
1.62
1.63
1.64
1.63
1.63
1.63
1.63
1.63
1.63
1.62
1.62
1.62
1.62
1.63
1.64
1.64
1.64
1.64
1.64
1.67
1.68
1.67
1.67
1.68
1.67
1.66
1.66
1.68
1.68
1.68
1.67
1.68
1.68
1.68
1.68
1.68
1.68
1.69
1.7
1.7
1.71
1.7
1.7
1.7
1.69
1.68
1.7
1.72
1.7
1.7
1.71
1.7
1.7
1.7
1.71
1.7
1.7
1.69
1.68
1.67
1.67
1.68
1.67
1.67
1.66
1.66
1.66
1.66
1.66
1.66
1.66
1.66
1.68
1.68
1.67
1.67
1.65
1.65
1.66
1.66
1.65
1.65
1.65
1.66
1.66
1.66
1.65
1.65
1.66
1.67
1.68
1.69
1.69
1.68
1.68
1.68
1.68
1.68
1.68
1.67
1.67
1.68
1.67
1.66
1.66
1.66
1.65
1.65
1.64
1.64
1.63
1.65
1.65
1.65
1.66
1.65
1.65
1.66
1.66
1.66
1.65
1.65
1.65
1.64
1.64
1.64
1.64
1.64
1.64
1.64
1.63
1.62
1.63
1.63
1.63
1.63
1.63
1.62
1.61
1.6
1.61
1.6
1.61
1.61
1.61
1.61
1.61
1.61
1.61
1.63
1.63
1.63
1.62
1.62
1.63
1.63
1.63
1.63
1.64
1.64
1.63
1.62
1.61
1.61
1.61
1.61
1.6
1.6
1.59
1.6
1.61
1.61
1.61
1.61
1.61
1.61
1.61
1.61
1.61
1.61
1.61
1.62
1.61
1.62
1.61
1.61
1.61
1.61
1.62
1.63
1.64
1.64
1.63
1.62
1.62
1.62
1.62
1.62
1.62
1.62
1.61
1.6
1.6
1.6
1.6
1.6
1.6
1.62
1.61
1.61
1.61
1.6
1.61
1.6
1.6
1.61
1.61
1.6
1.59
1.59
1.59
1.59
1.59
1.58
1.58
1.59
1.58
1.58
1.58
1.58
1.58
1.57
1.56
1.56
1.55
1.56
1.56
1.56
1.57
1.56
1.56
1.57
1.58
1.58
1.58
1.59
1.59
1.59
1.61
1.62
1.61
1.62
1.62
1.62
1.61
1.6
1.62
1.61
1.61
1.61
1.6
1.6
1.6
1.62
1.61
1.61
1.59
1.59
1.59
1.59
1.59
1.61
1.6
1.61
1.6
1.61
1.62
1.63
1.62
1.61
1.61
1.61
1.63
1.62
1.62
1.63
1.64
1.64
1.64
1.65
1.65
1.64
1.65
1.66
1.66
1.65
1.66
1.65
1.65
1.65
1.65
1.66
1.67
1.67
1.67
1.66
1.68
1.66
1.66
1.65
1.65
1.64
1.64
1.64
1.64
1.64
1.64
1.62
1.62
1.62
1.63
1.61
1.62
1.62
1.62
1.62
1.62
1.62
1.62
1.61
1.61
1.6
1.59
1.6
1.6
1.6
1.62
1.62
1.63
1.62
1.62
1.62
1.61
1.61
1.61
1.61
1.6
1.61
1.61
1.62
1.62
1.62
1.62
1.62
1.61
1.62
1.63
1.64
1.64
1.65
1.64
1.64
1.65
1.65
1.65
1.64
1.64
1.64
1.65
1.65
1.65
1.65
1.64
1.64
1.62
1.62
1.62
1.61
1.6
1.59
1.59
1.61
1.61
1.61
1.59
1.59
1.6
1.6
1.61
1.6
1.62
1.6
1.6
1.59
1.59
1.58
1.58
1.58
1.58
1.57
1.58
1.59
1.58
1.58
1.58
1.57
1.57
1.57
1.57
1.57
1.57
1.57
1.58
1.59
1.59
1.59
1.59
1.59
1.59
1.6
1.6
1.59
1.58
1.58
1.58
1.59
1.59
1.59
1.59
1.59
1.58
1.58
1.58
1.58
1.58
1.58
1.58
1.57
1.56
1.56
1.56
1.56
1.54
1.53
1.53
1.53
1.52
1.5
1.52
1.51
1.5
1.49
1.48
1.49
1.49
1.47
1.48
1.47
1.49
1.5
1.5
1.49
1.51
1.51
1.52
1.52
1.51
1.51
1.51
1.51
1.5
1.51
1.52
1.52
1.51
1.5
1.51
1.5
1.5
1.5
1.51
1.52
1.51
1.51
1.51
1.51
1.51
1.51
1.51
1.51
1.5
1.5
1.49
1.49
1.49
1.51
1.52
1.51
1.52
1.52
1.51
1.5
1.5
1.5
1.49
1.49
1.5
1.51
1.5
1.5
1.5
1.5
1.51
1.51
1.5
1.5
1.49
1.49
1.48
1.48
1.48
1.47
1.47
1.46
1.46
1.45
1.46
1.45
1.45
1.44
1.42
1.41
1.4
1.41
1.41
1.4
1.4
1.41
1.41
1.43
1.46
1.45
1.46
1.46
1.46
1.48
1.47
1.46
1.46
1.45
1.44
1.45
1.46
1.47
1.46
1.45
1.44
1.45
1.44
1.44
1.46
1.45
1.43
1.43
1.45
1.45
1.45
1.45
1.44
1.45
1.43
1.43
1.42
1.42
1.43
1.44
1.43
1.43
1.42
1.42
1.42
1.42
1.41
1.4
1.42
1.42
1.42
1.42
1.44
1.45
1.44
1.44
1.44
1.44
1.46
1.45
1.45
1.47
1.48
1.47
1.46
1.47
1.47
1.48
1.48
1.49
1.49
1.5
1.5
1.5
1.49
1.5
1.5
1.49
1.49
1.5
1.48
1.47
1.47
1.48
1.47
1.47
1.47
1.46
1.46
1.46
1.46
1.46
1.46
1.48
1.47
1.48
1.46
1.46
1.44
1.45
1.45
1.45
1.46
1.45
1.45
1.44
1.44
1.44
1.45
1.44
1.44
1.44
1.46
1.47
1.47
1.47
1.46
1.47
1.47
1.47
1.45
1.45
1.44
1.43
1.42
1.43
1.43
1.42
1.43
1.43
1.43
1.44
1.43
1.42
1.42
1.43
1.44
1.43
1.44
1.45
1.44
1.43
1.44
1.44
1.44
1.43
1.43
1.44
1.44
1.44
1.44
1.44
1.44
1.44
1.43
1.43
1.43
1.43
1.44
1.44
1.43
1.42
1.42
1.42
1.42
1.42
1.43
1.43
1.43
1.44
1.43
1.42
1.41
1.42
1.42
1.43
1.42
1.42
1.41
1.41
1.39
1.39
1.38
1.37
1.38
1.39
1.4
1.41
1.4
1.4
1.4
1.42
1.41
1.41
1.42
1.42
1.41
1.41
1.42
1.41
1.4
1.41
1.41
1.41
1.41
1.41
1.4
1.4
1.4
1.42
1.42
1.43
1.42
1.42
1.43
1.43
1.43
1.43
1.43
1.43
1.43
1.43
1.42
1.42
1.41
1.42
1.43
1.42
1.43
1.44
1.44
1.45
1.44
1.45
1.45
1.45
1.44
1.44
1.45
1.45
1.46
1.45
1.44
1.46
1.46
1.46
1.46
1.47
1.47
1.47
1.47
1.46
1.47
1.46
1.45
1.46
1.47
1.47
1.47
1.47
1.48
1.46
1.48
1.48
1.48
1.46
1.45
1.44
1.45
1.45
1.45
1.45
1.44
1.44
1.43
1.42
1.43
1.43
1.43
1.45
1.45
1.45
1.46
1.46
1.46
1.46
1.47
1.45
1.46
1.44
1.44
1.43
1.43
1.41
1.42
1.42
1.41
1.41
1.41
1.42
1.42
1.43
1.42
1.42
1.42
1.43
1.43
1.43
1.44
1.44
1.45
1.45
1.46
1.46
1.45
1.45
1.44
1.44
1.45
1.45
1.45
1.45
1.45
1.44
1.45
1.44
1.44
1.44
1.44
1.44
1.45
1.45
1.44
1.43
1.44
1.43
1.43
1.42
1.41
1.41
1.41
1.42
1.41
1.42
1.42
1.42
1.41
1.41
1.42
1.42
1.43
1.43
1.43
1.43
1.43
1.43
1.43
1.43
1.43
1.42
1.42
1.41
1.42
1.42
1.42
1.42
1.42
1.42
1.42
1.41
1.42
1.42
1.42
1.43
1.42
1.43
1.43
1.43
1.43
1.43
1.42
1.42
1.43
1.44
1.44
1.44
1.43
1.44
1.43
1.43
1.44
1.44
1.44
1.44
1.44
1.44
1.45
1.45
1.45
1.45
1.45
1.45
1.45
1.46
1.46
1.46
1.46
1.47
1.47
1.47
1.45
1.46
1.46
1.46
1.45
1.46
1.46
1.46
1.46
1.46
1.46
1.45
1.46
1.46
1.46
1.47
1.46
1.46
1.46
1.46
1.46
1.46
1.46
1.47
1.47
1.47
1.47
1.48
1.49
1.49
1.5
1.5
1.51
1.5
1.52
1.53
1.52
1.53
1.53
1.53
1.52
1.53
1.55
1.55
1.55
1.55
1.57
1.57
1.57
1.57
1.58
1.58
1.57
1.57
1.58
1.56
1.56
1.57
1.56
1.56
1.57
1.57
1.54
1.54
1.53
1.52
1.53
1.53
1.54
1.54
1.54
1.53
1.53
1.53
1.52
1.52
1.52
1.53
1.54
1.55
1.55
1.56
1.56
1.57
1.56
1.56
1.55
1.55
1.55
1.56
1.54
1.53
1.55
1.55
1.56
1.56
1.56
1.56
1.56
1.55
1.57
1.57
1.57
1.57
1.57
1.56
1.56
1.56
1.56
1.56
1.55
1.55
1.55
1.55
1.54
1.55
1.55
1.55
1.55
1.56
1.56
1.56
1.56
1.56
1.55
1.56
1.56
1.58
1.59
1.59
1.59
1.58
1.58
1.58
1.59
1.58
1.58
1.58
1.57
1.55
1.54
1.56
1.56
1.57
1.57
1.57
1.57
1.58
1.57
1.57
1.58
1.59
1.59
1.6
1.6
1.6
1.6
1.59
1.6
1.6
1.6
1.6
1.61
1.6
1.6
1.61
1.61
1.61
1.6
1.61
1.6
1.61
1.6
1.61
1.62
1.61
1.62
1.62
1.63
1.64
1.64
1.65
1.65
1.64
1.64
1.65
1.65
1.64
1.63
1.63
1.62
1.62
1.62
1.61
1.59
1.6
1.59
1.59
1.59
1.57
1.58
1.58
1.57
1.58
1.58
1.6
1.6
1.6
1.6
1.6
1.61
1.61
1.58
1.57
1.56
1.56
1.57
1.57
1.57
1.57
1.57
1.57
1.57
1.58
1.58
1.57
1.57
1.56
1.55
1.55
1.56
1.57
1.57
1.57
1.57
1.57
1.57
1.57
1.56
1.58
1.58
1.6
1.59
1.59
1.59
1.6
1.61
1.6
1.61
1.61
1.59
1.6
1.6
1.61
1.61
1.62
1.63
1.62
1.64
1.64
1.64
1.63
1.64
1.64
1.64
1.65
1.64
1.64
1.63
1.63
1.66
1.66
1.65
1.65
1.67
1.67
1.67
1.68
1.68
1.68
1.67
1.66
1.67
1.66
1.68
1.66
1.65
1.65
1.66
1.66
1.67
1.65
1.63
1.63
1.63
1.63
1.62
1.6
1.6
1.59
1.59
1.6
1.6
1.61
1.61
1.62
1.63
1.62
1.62
1.61
1.6
1.61
1.61
1.61
1.62
1.61
1.61
1.6
1.61
1.6
1.6
1.59
1.59
1.59
1.58
1.58
1.57
1.57
1.57
1.58
1.58
1.57
1.57
1.58
1.59
1.59
1.59
1.59
1.59
1.61
1.6
1.59
1.6
1.62
1.63
1.65
1.66
1.66
1.66
1.66
1.66
1.66
1.67
1.68
1.66
1.67
1.66
1.66
1.66
1.67
1.67
1.67
1.68
1.67
1.67
1.67
1.69
1.69
1.7
1.7
1.7
1.7
1.7
1.7
1.68
1.68
1.68
1.67
1.67
1.67
1.68
1.69
1.68
1.69
1.7
1.7
1.7
1.7
1.7
1.7
1.71
1.72
1.72
1.73
1.72
1.72
1.73
1.73
1.74
1.74
1.74
1.75
1.75
1.75
1.76
1.77
1.77
1.76
1.77
1.77
1.77
1.77
1.78
1.78
1.79
1.81
1.82
1.82
1.83
1.85
1.85
1.84
1.84
1.82
1.8
1.82
1.83
1.84
1.82
1.82
1.83
1.84
1.81
1.82
1.82
1.84
1.83
1.84
1.85
1.86
1.87
1.89
1.89
1.88
1.9
1.9
1.89
1.87
1.87
1.89
1.88
1.86
1.86
1.87
1.84
1.82
1.83
1.84
1.85
1.84
1.8
1.8
1.79
1.8
1.81
1.81
1.84
1.83
1.85
1.85
1.84
1.81
1.81
1.82
1.83
1.84
1.86
1.83
1.81
1.84
1.84
1.83
1.83
1.84
1.82
1.79
1.78
1.8
1.81
1.79
1.77
1.77
1.77
1.79
1.79
1.77
1.78
1.77
1.77
1.79
1.79
1.79
1.78
1.77
1.75
1.77
1.76
1.76
1.77
1.77
1.78
1.77
1.79
1.79
1.81
1.81
1.84
1.83
1.84
1.84
1.84
1.84
1.84
1.84
1.83
1.84
1.82
1.81
1.83
1.83
1.83
1.84
1.83
1.82
1.82
1.82
1.82
1.83
1.81
1.81
1.82
1.83
1.84
1.86
1.86
1.86
1.86
1.85
1.86
1.85
1.87
1.87
1.86
1.84
1.85
1.83
1.84
1.82
1.82
1.82
1.82
1.83
1.82
1.82
1.82
1.85
1.84
1.84
1.83
1.82
1.84
1.84
1.83
1.82
1.83
1.82
1.81
1.79
1.8
1.79
1.79
1.79
1.8
1.79
1.79
1.78
1.77
1.79
1.79
1.8
1.8
1.8
1.78
1.79
1.79
1.79
1.79
1.79
1.8
1.8
1.81
1.81
1.8
1.81
1.8
1.78
1.78
1.78
1.78
1.79
1.79
1.79
1.8
1.8
1.8
1.8
1.82
1.83
1.83
1.84
1.84
1.83
1.83
1.83
1.83
1.84
1.84
1.84
1.85
1.86
1.86
1.85
1.86
1.85
1.85
1.86
1.85
1.86
1.86
1.87
1.88
1.9
1.89
1.91
1.93
1.92
1.94
1.94
1.95
1.93
1.92
1.91
1.92
1.92
1.94
1.94
1.94
1.95
1.93
1.91
1.92
1.92
1.94
1.93
1.92
1.92
1.92
1.91
1.88
1.89
1.88
1.87
1.88
1.88
1.89
1.88
1.87
1.87
1.87
1.87
1.87
1.88
1.86
1.88
1.89
1.89
1.89
1.88
1.88
1.88
1.89
1.86
1.86
1.86
1.87
1.87
1.89
1.89
1.88
1.9
1.89
1.91
1.91
1.91
1.91
1.92
1.92
1.91
1.91
1.92
1.92
1.93
1.92
1.92
1.93
1.91
1.91
1.93
1.92
1.92
1.9
1.9
1.87
1.87
1.87
1.87
1.88
1.88
1.89
1.88
1.87
1.88
1.88
1.88
1.88
1.89
1.88
1.89
1.88
1.89
1.91
1.92
1.92
1.91
1.92
1.91
1.9
1.9
1.91
1.91
1.9
1.89
1.9
1.9
1.89
1.88
1.88
1.87
1.87
1.85
1.84
1.84
1.84
1.84
1.82
1.83
1.83
1.83
1.82
1.82
1.82
1.81
1.82
1.81
1.82
1.83
1.84
1.82
1.81
1.8
1.81
1.82
1.82
1.83
1.82
1.82
1.82
1.82
1.82
1.83
1.82
1.81
1.79
1.77
1.76
1.76
1.74
1.74
1.76
1.78
1.76
1.76
1.75
1.75
1.74
1.73
1.75
1.74
1.75
1.74
1.74
1.75
1.76
1.77
1.77
1.78
1.78
1.77
1.79
1.78
1.79
1.81
1.81
1.81
1.81
1.81
1.79
1.79
1.8
1.8
1.8
1.8
1.81
1.8
1.78
1.8
1.83
1.84
1.84
1.84
1.84
1.84
1.82
1.82
1.82
1.81
1.8
1.8
1.8
1.81
1.79
1.78
1.77
1.77
1.76
1.76
1.77
1.76
1.76
1.77
1.77
1.76
1.75
1.75
1.75
1.77
1.76
1.75
1.76
1.77
1.77
1.77
1.79
1.78
1.78
1.78
1.77
1.76
1.78
1.77
1.75
1.74
1.74
1.74
1.75
1.73
1.74
1.72
1.72
1.71
1.72
1.71
1.72
1.72
1.72
1.72
1.73
1.73
1.73
1.74
1.74
1.74
1.75
1.76
1.77
1.77
1.77
1.76
1.77
1.76
1.75
1.74
1.74
1.73
1.73
1.72
1.73
1.72
1.74
1.76
1.76
1.77
1.76
1.76
1.76
1.76
1.77
1.76
1.76
1.76
1.77
1.78
1.79
1.79
1.78
1.77
1.77
1.78
1.78
1.78
1.76
1.75
1.74
1.74
1.74
1.75
1.74
1.73
1.74
1.74
1.74
1.74
1.74
1.75
1.74
1.74
1.75
1.75
1.75
1.75
1.75
1.74
1.74
1.74
1.73
1.73
1.75
1.75
1.76
1.76
1.76
1.75
1.75
1.74
1.74
1.75
1.75
1.74
1.74
1.74
1.74
1.76
1.75
1.75
1.74
1.74
1.75
1.75
1.75
1.75
1.77
1.78
1.79
1.78
1.78
1.78
1.79
1.79
1.8
1.82
1.83
1.84
1.84
1.85
1.86
1.86
1.86
1.86
1.88
1.89
1.88
1.88
1.88
1.89
1.88
1.89
1.88
1.87
1.87
1.86
1.88
1.87
1.87
1.88
1.88
1.86
1.86
1.84
1.84
1.84
1.84
1.85
1.85
1.85
1.84
1.84
1.85
1.83
1.82
1.82
1.82
1.82
1.81
1.85
1.84
1.83
1.84
1.85
1.84
1.84
1.83
1.84
1.84
1.82
1.83
1.84
1.85
1.86
1.85
1.84
1.85
1.86
1.86
1.87
1.87
1.88
1.88
1.91
1.91
1.91
1.91
1.89
1.9
1.89
1.89
1.9
1.89
1.88
1.9
1.89
1.89
1.89
1.89
1.9
1.89
1.9
1.9
1.91
1.89
1.88
1.88
1.87
1.86
1.87
1.88
1.89
1.88
1.88
1.88
1.89
1.9
1.9
1.9
1.9
1.89
1.87
1.87
1.89
1.89
1.88
1.88
1.87
1.85
1.86
1.86
1.86
1.86
1.87
1.87
1.88
1.88
1.87
1.87
1.88
1.89
1.9
1.9
1.91
1.91
1.91
1.9
1.9
1.91
1.91
1.91
1.91
1.9
1.89
1.89
1.89
1.89
1.9
1.9
1.91
1.93
1.94
1.95
1.95
1.97
1.98
1.98
1.97
1.97
1.96
1.96
1.96
1.97
1.97
1.96
1.95
1.95
1.97
1.96
1.96
1.96
1.96
1.96
1.96
1.96
1.97
1.95
1.94
1.93
1.94
1.94
1.93
1.94
1.96
1.96
1.97
1.97
1.98
1.98
1.98
1.97
1.97
1.96
1.96
1.96
1.96
1.97
1.97
1.96
1.97
1.97
1.96
1.95
1.95
1.94
1.96
1.95
1.95
1.95
1.95
1.96
1.96
1.96
1.97
1.96
1.96
1.95
1.92
1.93
1.93
1.93
1.93
1.93
1.93
1.93
1.94
1.94
1.95
1.96
1.96
1.97
1.96
1.97
1.97
1.96
1.96
1.97
1.98
1.98
1.98
1.97
1.97
1.96
1.97
1.98
1.98
1.98
1.99
2.01
2
2
2
2
2
2
1.99
2
2
2
1.99
1.99
1.99
1.99
1.99
2
1.98
1.98
1.98
1.99
1.98
1.97
1.98
1.97
1.98
1.99
1.99
1.98
1.98
1.97
1.98
1.98
1.99
1.99
1.99
1.98
1.97
1.97
1.98
1.97
1.97
1.98
1.98
1.99
1.99
1.99
2
2
2
2
2
2.01
2.02
2.02
2.01
2.01
2.02
2.02
2.03
2.03
2.03
2.04
2.05
2.05
2.05
2.06
2.06
2.06
2.05
2.05
2.03
2.02
2.04
2.03
2.03
2.04
2.03
2.02
2.04
2.03
2.02
2.01
2
1.99
1.98
1.98
1.98
1.98
1.99
2
2.01
2.01
2.01
2.02
2.02
2.02
2.02
2.01
2.02
2.02
2.03
2.03
2.03
2.03
2.03
2.01
1.99
2
2
2.01
2.02
2.02
2.02
2.02
2.02
2.04
2.04
2.04
2.04
2.04
2.04
2.04
2.03
2.04
2.03
2.03
2.04
2.03
2.04
2.05
2.05
2.03
2.05
2.05
2.05
2.05
2.06
2.07
2.08
2.08
2.08
2.08
2.09
2.1
2.11
2.09
2.07
2.06
2.05
2.05
2.05
2.07
2.06
2.06
2.06
2.07
2.07
2.07
2.06
2.06
2.07
2.06
2.03
2.03
2.03
2.05
2.04
2.05
2.04
2.02
2.02
2.01
1.99
1.98
1.98
1.98
1.98
1.99
1.99
1.98
1.98
1.97
1.98
1.97
1.97
1.96
1.96
1.96
1.96
1.97
1.96
1.97
1.95
1.96
1.95
1.97
1.98
1.99
1.99
1.99
1.99
1.97
1.98
1.96
1.96
1.94
1.95
1.95
1.96
1.96
1.97
1.96
1.95
1.94
1.96
1.97
1.97
1.97
1.99
1.99
1.99
1.99
1.99
1.99
2.01
2.01
2.02
2
2.02
2.03
2.03
2
2.02
1.99
1.98
1.98
1.99
2
2
2.01
1.99
1.99
1.98
1.98
2
1.99
1.99
1.97
1.97
1.97
1.97
1.98
1.96
1.98
1.99
2
1.98
2
1.98
1.97
1.98
1.99
1.97
1.98
1.97
1.98
1.97
1.97
1.95
1.95
1.95
1.96
1.95
1.95
1.95
1.96
1.95
1.97
1.97
1.98
1.98
1.98
1.98
1.98
1.98
1.97
1.97
1.95
1.96
1.97
1.98
1.95
1.96
1.95
1.95
1.96
1.95
1.96
1.97
1.97
1.96
1.97
1.97
1.99
1.99
1.99
1.99
1.99
1.98
1.97
1.97
1.98
1.98
1.99
1.99
2
2
2
2
2
1.99
2
1.98
1.99
1.99
1.98
1.98
1.98
1.97
1.96
1.95
1.95
1.94
1.92
1.91
1.9
1.87
1.87
1.87
1.87
1.87
1.86
1.88
1.85
1.86
1.84
1.83
1.83
1.82
1.79
1.78
1.77
1.77
1.75
1.77
1.75
1.75
1.79
1.79
1.78
1.79
1.82
1.83
1.85
1.86
1.85
1.84
1.84
1.8
1.78
1.78
1.77
1.77
1.74
1.76
1.73
1.72
1.7
1.75
1.74
1.72
1.73
1.71
1.68
1.62
1.62
1.56
1.55
1.56
1.63
1.63
1.62
1.59
1.61
1.62
1.58
1.58
1.56
1.5
1.48
1.49
1.5
1.5
1.51
1.48
1.48
1.52
1.53
1.52
1.53
1.48
1.49
1.48
1.48
1.46
1.48
1.48
1.48
1.5
1.49
1.53
1.53
1.55
1.51
1.49
1.48
1.48
1.47
1.47
1.46
1.44
1.46
1.45
1.46
1.48
1.53
1.52
1.52
1.48
1.45
1.46
1.46
1.47
1.4
1.37
1.38
1.37
1.4
1.41
1.43
1.43
1.44
1.42
1.44
1.45
1.46
1.48
1.49
1.46
1.44
1.42
1.44
1.42
1.42
1.43
1.43
1.46
1.44
1.43
1.43
1.43
1.4
1.4
1.41
1.41
1.41
1.38
1.38
1.38
1.38
1.4
1.41
1.4
1.4
1.46
1.44
1.45
1.47
1.46
1.45
1.43
1.41
1.43
1.44
1.47
1.48
1.47
1.47
1.47
1.46
1.46
1.48
1.49
1.5
1.49
1.48
1.45
1.47
1.45
1.46
1.47
1.47
1.46
1.48
1.48
1.49
1.5
1.51
1.51
1.5
1.51
1.51
1.52
1.52
1.52
1.52
1.53
1.55
1.57
1.58
1.59
1.59
1.61
1.6
1.62
1.64
1.65
1.64
1.62
1.6
1.6
1.63
1.63
1.65
1.65
1.63
1.64
1.63
1.64
1.65
1.63
1.63
1.65
1.63
1.65
1.65
1.65
1.65
1.64
1.63
1.62
1.62
1.6
1.63
1.62
1.62
1.63
1.64
1.64
1.63
1.65
1.64
1.64
1.66
1.64
1.65
1.65
1.64
1.65
1.67
1.7
1.69
1.7
1.68
1.67
1.65
1.65
1.65
1.66
1.65
1.63
1.64
1.66
1.65
1.65
1.64
1.64
1.62
1.62
1.63
1.63
1.62
1.63
1.64
1.64
1.65
1.66
1.66
1.67
1.66
1.64
1.65
1.65
1.63
1.62
1.64
1.64
1.61
1.6
1.59
1.59
1.6
1.6
1.59
1.59
1.59
1.59
1.61
1.59
1.59
1.6
1.62
1.64
1.64
1.64
1.66
1.66
1.64
1.64
1.63
1.64
1.66
1.65
1.64
1.64
1.66
1.66
1.66
1.67
1.67
1.65
1.67
1.68
1.68
1.68
1.67
1.65
1.66
1.66
1.67
1.65
1.64
1.66
1.66
1.66
1.65
1.64
1.63
1.62
1.63
1.62
1.63
1.62
1.64
1.61
1.61
1.61
1.6
1.6
1.59
1.6
1.59
1.61
1.62
1.61
1.6
1.6
1.59
1.6
1.61
1.62
1.63
1.63
1.62
1.64
1.63
1.62
1.61
1.62
1.61
1.62
1.62
1.6
1.59
1.6
1.59
1.58
1.56
1.57
1.57
1.56
1.57
1.57
1.57
1.57
1.56
1.54
1.55
1.55
1.54
1.52
1.52
1.5
1.49
1.51
1.5
1.51
1.51
1.5
1.5
1.51
1.52
1.5
1.52
1.53
1.52
1.5
1.51
1.51
1.49
1.49
1.49
1.5
1.51
1.52
1.53
1.52
1.53
1.52
1.52
1.53
1.54
1.54
1.54
1.55
1.55
1.54
1.53
1.54
1.54
1.54
1.54
1.55
1.53
1.52
1.53
1.53
1.52
1.51
1.51
1.49
1.47
1.5
1.5
1.49
1.47
1.46
1.44
1.44
1.43
1.43
1.45
1.44
1.44
1.44
1.46
1.45
1.47
1.46
1.46
1.45
1.45
1.44
1.46
1.47
1.45
1.48
1.48
1.48
1.48
1.48
1.48
1.49
1.5
1.5
1.5
1.51
1.51
1.49
1.51
1.52
1.52
1.52
1.52
1.51
1.5
1.52
1.53
1.54
1.53
1.52
1.53
1.52
1.53
1.54
1.55
1.55
1.56
1.56
1.57
1.59
1.59
1.59
1.59
1.6
1.59
1.58
1.57
1.56
1.56
1.57
1.56
1.56
1.56
1.55
1.55
1.55
1.55
1.56
1.55
1.55
1.54
1.55
1.54
1.55
1.53
1.55
1.54
1.54
1.55
1.56
1.56
1.56
1.56
1.56
1.56
1.56
1.57
1.58
1.59
1.58
1.58
1.57
1.58
1.58
1.59
1.59
1.59
1.6
1.58
1.58
1.6
1.6
1.59
1.57
1.59
1.58
1.57
1.57
1.59
1.58
1.59
1.6
1.61
1.6
1.61
1.63
1.62
1.62
1.61
1.61
1.62
1.61
1.59
1.59
1.6
1.6
1.59
1.58
1.58
1.56
1.56
1.56
1.56
1.56
1.57
1.57
1.58
1.58
1.57
1.58
1.59
1.58
1.56
1.56
1.55
1.55
1.55
1.54
1.54
1.54
1.54
1.55
1.54
1.55
1.56
1.55
1.55
1.56
1.56
1.56
1.57
1.59
1.59
1.6
1.6
1.59
1.6
1.6
1.58
1.59
1.59
1.58
1.6
1.61
1.62
1.62
1.61
1.61
1.61
1.61
1.61
1.6
1.6
1.61
1.61
1.62
1.62
1.61
1.62
1.61
1.61
1.62
1.63
1.63
1.63
1.63
1.62
1.62
1.62
1.61
1.6
1.62
1.61
1.6
1.61
1.62
1.63
1.64
1.62
1.62
1.61
1.6
1.6
1.6
1.6
1.61
1.61
1.63
1.63
1.63
1.63
1.64
1.63
1.63
1.64
1.63
1.62
1.63
1.64
1.66
1.65
1.65
1.65
1.65
1.66
1.67
1.67
1.65
1.65
1.64
1.64
1.63
1.63
1.64
1.63
1.62
1.62
1.62
1.61
1.62
1.62
1.61
1.62
1.63
1.63
1.65
1.64
1.64
1.63
1.64
1.64
1.64
1.64
1.64
1.63
1.63
1.64
1.62
1.61
1.62
1.62
1.62
1.61
1.6
1.6
1.6
1.6
1.61
1.61
1.61
1.61
1.6
1.6
1.6
1.59
1.59
1.61
1.61
1.61
1.6
1.61
1.61
1.63
1.63
1.63
1.64
1.64
1.63
1.65
1.63
1.63
1.64
1.63
1.64
1.64
1.62
1.62
1.62
1.63
1.64
1.64
1.66
1.65
1.65
1.65
1.65
1.64
1.63
1.63
1.64
1.63
1.63
1.62
1.62
1.6
1.59
1.6
1.59
1.58
1.58
1.58
1.58
1.58
1.57
1.57
1.56
1.54
1.55
1.56
1.57
1.56
1.57
1.56
1.55
1.54
1.54
1.54
1.56
1.56
1.58
1.57
1.58
1.58
1.57
1.58
1.57
1.59
1.6
1.6
1.59
1.61
1.61
1.61
1.59
1.6
1.6
1.6
1.6
1.61
1.6
1.59
1.59
1.58
1.58
1.58
1.58
1.57
1.56
1.55
1.55
1.55
1.56
1.57
1.57
1.56
1.57
1.56
1.57
1.56
1.56
1.56
1.55
1.54
1.55
1.55
1.55
1.57
1.57
1.57
1.56
1.57
1.55
1.54
1.55
1.57
1.56
1.55
1.54
1.54
1.55
1.53
1.53
1.53
1.54
1.54
1.55
1.55
1.56
1.56
1.56
1.57
1.57
1.57
1.58
1.58
1.58
1.58
1.58
1.59
1.58
1.58
1.57
1.58
1.57
1.57
1.58
1.58
1.58
1.57
1.57
1.59
1.58
1.59
1.6
1.6
1.59
1.59
1.57
1.57
1.58
1.57
1.56
1.57
1.57
1.57
1.58
1.59
1.59
1.58
1.58
1.59
1.59
1.6
1.59
1.59
1.6
1.6
1.6
1.59
1.58
1.59
1.59
1.58
1.59
1.59
1.59
1.59
1.59
1.6
1.61
1.61
1.61
1.61
1.61
1.62
1.62
1.62
1.62
1.62
1.62
1.61
1.62
1.62
1.61
1.62
1.61
1.61
1.6
1.59
1.58
1.58
1.58
1.58
1.57
1.57
1.56
1.56
1.55
1.54
1.54
1.54
1.54
1.55
1.56
1.54
1.55
1.56
1.56
1.55
1.57
1.57
1.57
1.58
1.56
1.56
1.56
1.56
1.55
1.55
1.57
1.57
1.57
1.55
1.55
1.55
1.55
1.55
1.54
1.56
1.56
1.56
1.56
1.57
1.56
1.55
1.55
1.55
1.57
1.57
1.57
1.57
1.56
1.55
1.57
1.56
1.57
1.57
1.56
1.57
1.57
1.57
1.57
1.57
1.57
1.57
1.58
1.58
1.59
1.58
1.58
1.58
1.58
1.58
1.59
1.59
1.59
1.59
1.6
1.6
1.61
1.61
1.61
1.62
1.63
1.63
1.62
1.62
1.63
1.62
1.62
1.61
1.62
1.61
1.61
1.62
1.61
1.62
1.62
1.6
1.6
1.6
1.61
1.61
1.61
1.62
1.61
1.6
1.6
1.59
1.6
1.61
1.61
1.6
1.61
1.61
1.61
1.6
1.6
1.6
1.6
1.6
1.59
1.59
1.58
1.59
1.59
1.59
1.59
1.59
1.6
1.6
1.6
1.6
1.6
1.6
1.61
1.61
1.61
1.61
1.6
1.61
1.61
1.61
1.61
1.61
1.62
1.63
1.63
1.63
1.62
1.61
1.61
1.61
1.62
1.63
1.63
1.62
1.6
1.61
1.6
1.6
1.61
1.61
1.61
1.61
1.6
1.6
1.59
1.59
1.58
1.58
1.58
1.57
1.58
1.58
1.59
1.57
1.57
1.57
1.57
1.57
1.58
1.57
1.57
1.55
1.55
1.55
1.54
1.53
1.53
1.53
1.51
1.51
1.51
1.52
1.5
1.51
1.51
1.5
1.5
1.49
1.49
1.49
1.49
1.5
1.51
1.51
1.51
1.51
1.52
1.52
1.52
1.52
1.51
1.52
1.52
1.52
1.51
1.51
1.52
1.53
1.53
1.53
1.53
1.54
1.54
1.53
1.53
1.53
1.53
1.53
1.53
1.53
1.53
1.54
1.55
1.55
1.55
1.56
1.55
1.56
1.55
1.55
1.56
1.55
1.53
1.53
1.53
1.52
1.53
1.52
1.52
1.52
1.5
1.51
1.51
1.51
1.51
1.52
1.52
1.53
1.53
1.54
1.56
1.56
1.56
1.56
1.57
1.57
1.57
1.57
1.56
1.57
1.55
1.54
1.54
1.54
1.53
1.52
1.52
1.52
1.52
1.53
1.49
1.49
1.48
1.49
1.51
1.51
1.51
1.51
1.52
1.52
1.53
1.54
1.54
1.54
1.53
1.54
1.54
1.52
1.52
1.51
1.53
1.53
1.54
1.55
1.56
1.55
1.55
1.55
1.55
1.56
1.56
1.57
1.57
1.57
1.56
1.56
1.56
1.55
1.55
1.55
1.55
1.55
1.56
1.56
1.56
1.57
1.57
1.58
1.58
1.59
1.59
1.59
1.6
1.6
1.6
1.61
1.6
1.61
1.6
1.61
1.62
1.62
1.62
1.62
1.61
1.61
1.61
1.59
1.6
1.59
1.6
1.59
1.62
1.62
1.61
1.62
1.62
1.62
1.62
1.61
1.61
1.61
1.61
1.59
1.6
1.6
1.61
1.61
1.6
1.59
1.6
1.61
1.61
1.61
1.61
1.62
1.62
1.62
1.61
1.62
1.63
1.64
1.64
1.64
1.64
1.63
1.63
1.64
1.64
1.64
1.63
1.63
1.63
1.63
1.64
1.64
1.64
1.64
1.64
1.64
1.65
1.65
1.66
1.64
1.64
1.64
1.64
1.65
1.65
1.65
1.64
1.65
1.64
1.63
1.64
1.65
1.66
1.66
1.65
1.66
1.66
1.66
1.65
1.65
1.63
1.63
1.63
1.63
1.64
1.64
1.65
1.66
1.66
1.67
1.67
1.67
1.66
1.66
1.66
1.67
1.66
1.67
1.68
1.67
1.67
1.67
1.67
1.67
1.66
1.66
1.66
1.67
1.66
1.66
1.66
1.66
1.65
1.65
1.65
1.65
1.66
1.66
1.66
1.67
1.66
1.66
1.66
1.66
1.66
1.67
1.68
1.68
1.67
1.67
1.67
1.68
1.68
1.68
1.68
1.68
1.68
1.68
1.68
1.68
1.68
1.69
1.69
1.69
1.69
1.7
1.7
1.69
1.68
1.69
1.68
1.68
1.68
1.68
1.68
1.68
1.69
1.69
1.68
1.68
1.67
1.67
1.68
1.68
1.68
1.67
1.68
1.68
1.68
1.68
1.68
1.69
1.7
1.7
1.7
1.7
1.7
1.7
1.7
1.7
1.7
1.7
1.7
1.71
1.71
1.72
1.72
1.71
1.71
1.71
1.71
1.71
1.71
1.71
1.71
1.71
1.71
1.71
1.71
1.7
1.7
1.7
1.7
1.69
1.69
1.69
1.68
1.68
1.69
1.68
1.68
1.68
1.68
1.68
1.67
1.67
1.67
1.67
1.66
1.66
1.66
1.66
1.66
1.66
1.66
1.66
1.66
1.65
1.65
1.63
1.63
1.61
1.61
1.61
1.62
1.62
1.62
1.63
1.63
1.64
1.63
1.63
1.64
1.63
1.63
1.63
1.63
1.62
1.62
1.61
1.6
1.6
1.61
1.61
1.61
1.6
1.59
1.6
1.61
1.61
1.61
1.61
1.61
1.6
1.61
1.61
1.62
1.61
1.6
1.6
1.6
1.6
1.6
1.59
1.58
1.59
1.58
1.57
1.57
1.56
1.56
1.57
1.57
1.57
1.57
1.57
1.58
1.56
1.57
1.57
1.57
1.57
1.56
1.56
1.57
1.57
1.57
1.57
1.57
1.57
1.57
1.57
1.56
1.56
1.55
1.55
1.55
1.56
1.56
1.54
1.52
1.52
1.51
1.51
1.52
1.52
1.52
1.52
1.52
1.51
1.52
1.51
1.51
1.5
1.51
1.52
1.52
1.5
1.5
1.5
1.51
1.52
1.53
1.52
1.52
1.53
1.52
1.54
1.54
1.53
1.54
1.55
1.54
1.55
1.54
1.55
1.54
1.54
1.54
1.54
1.53
1.52
1.51
1.51
1.51
1.49
1.49
1.48
1.48
1.47
1.47
1.47
1.49
1.49
1.49
1.49
1.48
1.49
1.48
1.49
1.48
1.48
1.49
1.5
1.49
1.49
1.47
1.46
1.47
1.48
1.48
1.49
1.49
1.49
1.49
1.5
1.5
1.52
1.52
1.53
1.55
1.53
1.51
1.51
1.52
1.52
1.52
1.55
1.56
1.57
1.57
1.58
1.58
1.57
1.55
1.55
1.57
1.55
1.54
1.53
1.53
1.53
1.52
1.53
1.54
1.54
1.53
1.53
1.54
1.55
1.55
1.56
1.56
1.56
1.57
1.59
1.59
1.58
1.58
1.57
1.57
1.57
1.58
1.57
1.56
1.56
1.56
1.54
1.54
1.54
1.55
1.55
1.56
1.56
1.56
1.56
1.56
1.56
1.56
1.55
1.55
1.56
1.56
1.56
1.56
1.56
1.56
1.56
1.56
1.55
1.55
1.55
1.56
1.56
1.56
1.56
1.56
1.57
1.56
1.57
1.57
1.57
1.57
1.55
1.54
1.54
1.54
1.53
1.53
1.53
1.52
1.54
1.54
1.55
1.54
1.54
1.54
1.55
1.55
1.56
1.55
1.54
1.52
1.53
1.52
1.52
1.52
1.51
1.52
1.52
1.52
1.52
1.53
1.53
1.53
1.52
1.54
1.55
1.54
1.55
1.55
1.55
1.54
1.53
1.54
1.53
1.53
1.53
1.54
1.54
1.54
1.54
1.52
1.51
1.51
1.51
1.52
1.52
1.52
1.52
1.52
1.53
1.52
1.51
1.51
1.51
1.5
1.5
1.51
1.49
1.51
1.51
1.51
1.5
1.52
1.52
1.52
1.51
1.5
1.5
1.49
1.49
1.49
1.48
1.49
1.49
1.49
1.48
1.48
1.47
1.47
1.47
1.46
1.46
1.45
1.46
1.44
1.45
1.44
1.43
1.42
1.42
1.42
1.43
1.42
1.43
1.43
1.44
1.42
1.44
1.44
1.46
1.46
1.45
1.44
1.45
1.45
1.44
1.45
1.43
1.43
1.43
1.43
1.42
1.4
1.39
1.39
1.39
1.39
1.39
1.41
1.42
1.42
1.43
1.42
1.42
1.43
1.44
1.43
1.42
1.41
1.45
1.45
1.44
1.42
1.41
1.41
1.41
1.43
1.43
1.44
1.44
1.42
1.43
1.41
1.42
1.41
1.41
1.42
1.42
1.42
1.41
1.42
1.43
1.44
1.44
1.43
1.44
1.45
1.46
1.46
1.46
1.46
1.4411
1.4485
1.4615
1.4608
1.4513
1.4444
1.4623
1.4694
1.4673
1.4644
1.453
1.4395
1.4419
1.4521
1.445
1.4564
1.4504
1.4458
1.4257
1.427
1.4114
1.4204
1.4203
1.4358
1.4698
1.4652
1.4707
1.4877
1.3679
1.3225
1.3344
1.3429
1.3311
1.3267
1.3287
1.3022
1.2931
1.2908
1.2954
1.2998
1.3247
1.3147
1.3343
1.3192
1.3255
1.3111
1.3208
1.3233
1.3109
1.314
1.313
1.3223
1.3164
1.323
1.3179
1.3357
1.3325
1.3107
1.3073
1.304
1.3003
1.301
1.2956
1.292
1.288
1.3046
1.3042
1.3168
1.3075
1.3137
1.3198
1.3232
1.3192
1.3137
1.3106
1.308
1.3138
1.3268
1.3294
1.3304
1.344
1.3341
1.3295
1.3267
1.3337
1.3193
1.3235
1.3239
1.3002
1.303
1.2988
1.3032
1.3078
1.2966
1.2975
1.3023
1.3019
1.2968
1.2972
1.2842
1.2728
1.2749
1.2616
1.2434
1.2362
1.2123
1.2204
1.2254
1.2191
1.2183
1.2298
1.2285
1.2254
1.2234
1.2238
1.2188
1.2247
1.2164
1.2185
1.2242
1.2243
1.2304
1.2461
1.2517
1.2396
1.2379
1.2406
1.2555
1.2596
1.249
1.2457
1.2443
1.2417
1.2342
1.2494
1.2423
1.2443
1.2451
1.2477
1.2416
1.2493
1.2506
1.2591
1.2729
1.2732
1.2678
1.2626
1.2586
1.2572
1.2679
1.2658
1.2564
1.2418
1.2496
1.2395
1.2368
1.2353
1.2283
1.2282
1.2282
1.2271
1.2226
1.2261
1.234
1.2278
1.2237
1.2323
1.2419
1.2287
1.2163
1.2177
1.2213
1.2162
1.2182
1.2047
1.2414
1.2261
1.2342
1.2375
1.2535
1.252
1.2634
1.2597
1.2555
1.2486
1.2579
1.2659
1.2527
1.2484
1.2469
1.2509
1.2541
1.2497
1.2491
1.2526
1.2468
1.2461
1.2489
1.2412
1.2463
1.2473
1.245
1.2556
1.2462
1.2442
1.238
1.2293
1.2267
1.2291
1.2236
1.22
1.2168
1.2165
1.2167
1.2219
1.2153
1.2291
1.236
1.2396
1.2358
1.2478
1.2485
1.2521
1.2473
1.2559
1.245
1.2434
1.2468
1.255
1.2486
1.244
1.2483
1.247
1.2371
1.2415
1.2491
1.254
1.2503
1.2523
1.2565
1.2841
1.2777
1.2813
1.2817
1.2796
1.2842
1.2848
1.2904
1.2951
1.2886
1.2939
1.2867
1.2923
1.2982
1.294
1.2934
1.2938
1.2886
1.289
1.2896
1.2917
1.297
1.2938
1.3036
1.3
1.2961
1.2972
1.2942
1.2804
1.284
1.2859
1.289
1.2882
1.2888
1.2904
1.2911
1.296
1.2956
1.2746
1.2659
1.2754
1.2751
1.2758
1.2783
1.2737
1.2629
1.2671
1.2682
1.2718
1.2723
1.2814
1.2926
1.3007
1.3025
1.294
1.292
1.2934
1.2971
1.289
1.2881
1.2848
1.2885
1.2939
1.3098
1.3055
1.304
1.3022
1.2973
1.2997
1.3028
1.3025
1.3122
1.3066
1.3136
1.3215
1.3203
1.3223
1.3138
1.304
1.3035
1.2992
1.3004
1.2977
1.3014
1.2964
1.2869
1.2891
1.2868
1.287
1.29
1.2824
1.28
1.2801
1.2882
1.2933
1.2918
1.2925
1.293
1.2951
1.2931
1.3033
1.3043
1.3101
1.32
1.3163
1.3283
1.3211
1.3399
1.3594
1.3495
1.3503
1.3495
1.358
1.3504
1.3466
1.3458
1.3387
1.3442
1.3398
1.3276
1.3237
1.3248
1.3119
1.3066
1.3142
1.3203
1.3223
1.3262
1.3285
1.3251
1.319
1.3205
1.3159
1.319
1.3198
1.3134
1.3262
1.3161
1.3128
1.3208
1.3283
1.3245
1.3059
1.3077
1.3171
1.3166
1.3116
1.3145
1.3196
1.3116
1.3165
1.3171
1.3195
1.3215
1.3235
1.3239
1.3325
1.3309
1.3337
1.3318
1.3339
1.3409
1.3525
1.3477
1.348
1.3443
1.3393
1.3474
1.339
1.3341
1.3318
1.342
1.3431
1.332
1.3383
1.3385
1.3376
1.3386
1.3363
1.3371
1.3374
1.34
1.3443
1.3513
1.3503
1.359
1.3516
1.3551
1.3571
1.3568
1.354
1.3507
1.3538
1.3728
1.3792
1.3792
1.3831
1.3894
1.3858
1.3987
1.4
1.4242
1.4142
1.416
1.4074
1.4147
1.4191
1.4264
1.4118
1.3959
1.3949
1.3881
1.3913
1.3827
1.3838
1.3894
1.3999
1.4099
1.4026
1.4
1.3996
1.3918
1.3956
1.3971
1.3971
1.3968
1.3966
1.3906
1.3751
1.3773
1.3803
1.3803
1.3795
1.385
1.3898
1.3904
1.3804
1.3849
1.3849
1.3854
1.3906
1.397
1.3971
1.3937
1.3934
1.3934
1.3943
1.4024
1.4005
1.4145
1.4114
1.4131
1.4131
1.4147
1.4238
1.4178
1.408
1.4027
1.4016
1.4016
1.4038
1.4047
1.4068
1.4086
1.4008
1.409
1.409
1.4092
1.4135
1.4182
1.4188
1.4238
1.4235
1.4235
1.4247
1.4341
1.4297
1.4205
1.4085
1.4003
1.4003
1.4001
1.3939
1.3995
1.3938
1.3919
1.3777
1.3777
1.3771
1.377
1.361
1.3571
1.3571
1.3529
1.3529
1.3535
1.3566
1.3554
1.3544
1.3522
1.3542
1.3542
1.3551
1.3564
1.3497
1.3547
1.3512
1.3469
1.3469
1.3478
1.343
1.344
1.337
1.3383
1.3299
1.3299
1.3309
1.3313
1.3255
1.3285
1.329
1.3345
1.3345
1.3354
1.3317
1.3407
1.342
1.3418
1.3404
1.3404
1.3414
1.3373
1.3374
1.3383
1.3256
1.3286
1.3286
1.3275
1.3259
1.3175
1.3173
1.3248
1.3265
1.3265
1.3263
1.3279
1.3221
1.312
1.3075
1.3206
1.3206
1.3209
1.3143
1.3192
1.3231
1.3222
1.3289
1.3289
1.3296
1.3253
1.3258
1.3208
1.318
1.3235
1.3235
1.3227
1.3236
1.3105
1.3078
1.3025
1.3123
1.3123
1.3123
1.3103
1.3151
1.32
1.3108
1.3114
1.3114
1.3111
1.3135
1.312
1.3126
1.3018
1.3001
1.3001
1.3003
1.2943
1.2947
1.2878
1.2829
1.2769
1.2769
1.276
1.2763
1.2718
1.2695
1.2712
1.2756
1.2756
1.2747
1.2801
1.2905
1.2907
1.2809
1.2845
1.2845
1.286
1.2896
1.2867
1.3035
1.301
1.2961
1.2961
1.2923
1.2868
1.2858
1.2914
1.2925
1.2921
1.2921
1.293
1.3026
1.3015
1.3045
1.3112
1.307
1.307
1.3152
1.3167
1.3139
1.3271
1.3073
1.3073
1.3117
1.3179
1.3174
1.3077
1.303
1.303
1.3043
1.2982
1.2949
1.3025
1.312
1.312
1.3092
1.3144
1.3205
1.3238
1.3154
1.3154
1.3153
1.3187
1.3105
1.3022
1.3072
1.3072
1.2967
1.2985
1.2887
1.2821
1.2833
1.2833
1.2801
1.2706
1.2773
1.2999
1.2982
1.2982
1.3062
1.3093
1.313
1.3067
1.2978
1.2978
1.2853
1.3029
1.2995
1.2773
1.284
1.284
1.286
1.2789
1.2772
1.2879
1.2822
1.2822
1.2812
1.274
1.2826
1.2783
1.2762
1.2762
1.2726
1.2715
1.2738
1.2778
1.2731
1.2731
1.2563
1.2488
1.2634
1.266
1.2588
1.2588
1.2614
1.2648
1.2619
1.266
1.2658
1.2658
1.2698
1.2671
1.2641
1.2648
1.2708
1.2708
1.2747
1.2738
1.2474
1.2635
1.273
1.273
1.2786
1.2715
1.2795
1.2752
1.2852
1.2852
1.2865
1.2868
1.2881
1.2985
1.2883
1.2883
1.2898
1.2958
1.3078
1.3071
1.3202
1.3202
1.3149
1.3079
1.3118
1.3109
1.3091
1.3091
1.3041
1.295
1.2938
1.2953
1.2944
1.2944
1.2859
1.2893
1.2849
1.2801
1.2896
1.2896
1.2923
1.306
1.305
1.3037
1.3053
1.3053
1.3118
1.3255
1.331
1.3262
1.3209
1.3209
1.3179
1.3149
1.3171
1.3081
1.3017
1.3017
1.3246
1.3075
1.3165
