1248.00
1244.60
1243.20
1249.00
1236.60
1240.70
1242.00
1239.20
1242.80
1242.20
1233.80
1239.70
1205.20
1203.30
1200.40
1217.40
1213.10
1214.30
1218.40
1203.00
1207.40
1198.50
1210.30
1216.50
1215.70
1212.60
1222.70
1219.70
1214.20
1217.10
1212.40
1219.60
1222.30
1213.50
1211.10
1211.70
1215.60
1212.40
1210.10
1206.30
1204.90
1217.70
1215.90
1222.60
1225.60
1227.20
1224.40
1204.90
1214.30
1211.00
1205.60
1195.20
1195.00
1195.90
1211.80
1210.00
1230.30
1231.20
1232.30
1229.60
1229.10
1234.60
1231.40
1239.00
1244.90
1242.60
1244.00
1246.60
1252.30
1246.00
1245.90
1252.00
1245.50
1250.10
1249.50
1262.30
1264.00
1269.60
1267.70
1279.10
1283.10
1279.00
1281.70
1258.10
1276.60
1264.70
1278.30
1274.70
1280.20
1284.00
1293.20
1294.90
1294.80
1299.00
1303.20
1304.90
1303.20
1333.60
1326.60
1324.70
1328.50
1327.70
1327.60
1326.30
1327.20
1322.30
1324.50
1329.70
1331.70
1329.20
1297.60
1298.30
1334.40
1335.40
1320.40
1323.00
1321.90
1322.20
1320.80
1323.10
1321.70
1349.80
1352.40
1354.00
1311.30
1345.60
1312.20
1346.50
1344.20
1337.10
1338.20
1350.90
1355.30
1316.30
1354.70
1364.90
1355.80
1370.00
1346.80
1385.20
1381.20
1382.50
1379.70
1373.50
1391.70
1377.40
1371.50
1367.70
1360.00
1371.60
1332.80
1378.20
1358.40
1361.20
1379.20
1392.40
1386.80
1364.10
1358.50
1348.10
1353.60
1348.20
1353.70
1324.40
1325.90
1356.90
1322.40
1319.90
1363.30
1371.10
1355.90
1321.10
1302.90
1315.50
1355.20
1368.80
1328.20
1367.50
1366.90
1328.80
1347.80
1350.50
1390.40
1389.00
1390.60
1362.60
1358.70
1348.20
1351.70
1347.60
1362.30
1333.00
1370.70
1344.30
1339.00
1335.40
1378.70
1351.60
1402.20
1395.70
1335.70
1330.90
1331.90
1326.00
1338.00
1335.40
1341.80
1337.40
1371.40
1357.70
1354.50
1348.30
1318.60
1320.30
1355.90
1352.90
1349.90
1308.70
1342.50
1294.10
1323.50
1319.70
1277.90
1311.00
1302.60
1301.60
1260.70
1297.20
1254.30
1288.80
1245.40
1273.50
1243.70
1280.00
1249.80
1262.80
1296.90
1274.30
1314.60
1273.20
1282.10
1294.70
1330.80
1323.70
1291.66
1291.60
1281.10
1274.60
1295.80
1277.40
1276.50
1281.50
1277.30
1272.40
1285.60
1281.60
1309.10
1279.40
1266.50
1274.90
1274.10
1267.00
1274.10
1304.50
1302.60
1275.40
1275.00
1277.70
1277.40
1286.90
1279.90
1283.00
1299.90
1301.50
1293.30
1285.80
1290.60
1281.80
1271.60
1269.90
1273.70
1271.50
1272.70
1281.50
1320.40
1283.40
1297.00
1306.80
1293.30
1290.60
1312.00
1306.20
1306.30
1320.40
1324.70
1323.40
1328.00
1331.00
1346.00
1345.10
1333.90
1339.20
1338.08
1341.22
1324.50
1316.20
1308.10
1313.10
1309.70
1292.50
1286.50
1288.90
1285.10
1290.80
1285.70
1286.40
1276.90
1273.70
1284.20
1287.70
1283.70
1273.00
1256.40
1258.20
1258.30
1267.80
1271.80
1272.60
1266.60
1268.40
1259.60
1249.00
1251.70
1253.90
1254.30
1244.80
1241.20
1241.10
1232.80
1226.60
1216.30
1218.10
1213.60
1212.10
1208.60
1222.20
1220.40
1227.55
1217.90
1240.70
1244.20
1248.00
1246.40
1246.30
1256.20
1247.60
1243.40
1241.00
1244.20
1254.00
1252.20
1272.80
1265.80
1266.10
1268.50
1276.30
1290.10
1294.40
1279.30
1276.80
1267.00
1272.00
1262.10
1266.69
1268.22
1267.60
1255.80
1252.40
1254.80
1260.70
1252.70
1251.70
1257.50
1235.00
1228.60
1226.20
1222.70
1217.30
1214.30
1225.30
1224.80
1226.50
1246.40
1255.10
1253.30
1266.10
1263.70
1262.10
1265.60
1275.80
1287.40
1281.90
1281.40
1291.70
1289.40
1289.65
1285.90
1275.30
1271.20
1251.10
1254.30
1250.30
1245.40
1255.00
1250.80
1247.30
1245.00
1253.40
1255.30
1255.40
1248.20
1246.90
1249.30
1246.10
1233.60
1229.80
1226.50
1200.10
1201.90
1202.40
1200.70
1202.40
1208.50
1215.10
1224.50
1225.50
1231.90
1248.90
1252.60
1257.40
1256.90
1250.20
1232.00
1237.50
1238.20
1237.30
1237.60
1240.00
1231.70
1223.90
1224.40
1234.40
1235.10
1237.60
1234.20
1230.00
1218.50
1216.70
1205.60
1208.60
1193.20
1188.10
1189.50
1197.30
1210.30
1215.00
1204.30
1200.90
1211.30
1212.00
1202.85
1203.35
1195.30
1198.90
1195.60
1184.20
1183.50
1171.90
1179.70
1163.80
1160.40
1151.05
1150.00
1156.40
1139.40
1137.30
1134.55
1135.00
1131.90
1128.80
1131.10
1131.50
1140.50
1135.30
1127.80
1161.30
1156.70
1163.50
1159.40
1169.80
1175.00
1167.60
1174.00
1175.10
1166.90
1170.80
1187.90
1190.60
1178.20
1185.55
1189.10
1211.00
1209.60
1208.50
1216.50
1223.40
1224.00
1221.20
1223.50
1265.50
1272.60
1273.40
1278.30
1303.30
1302.10
1306.80
1286.40
1271.50
1275.50
1267.90
1264.80
1271.90
1262.00
1265.90
1265.60
1267.90
1260.80
1254.40
1253.10
1255.00
1251.10
1253.00
1257.50
1248.90
1249.80
1265.20
1266.30
1309.00
1313.30
1321.70
1319.40
1325.90
1339.70
1337.20
1340.40
1326.90
1313.70
1313.50
1305.80
1313.50
1321.50
1319.00
1321.00
1330.10
1336.80
1344.30
1349.40
1331.10
1326.25
1322.10
1312.20
1306.90
1311.70
1322.90
1321.50
1320.10
1324.40
1340.60
1337.70
1340.40
1351.20
1342.70
1350.50
1340.30
1335.80
1342.50
1344.30
1339.00
1333.40
1336.40
1358.80
1356.10
1364.40
1351.40
1349.00
1332.30
1326.60
1320.70
1319.30
1323.10
1330.50
1318.80
1331.50
1328.40
1326.50
1331.30
1342.40
1334.10
1355.00
1356.60
1360.10
1364.90
1356.40
1352.00
1345.50
1336.70
1318.40
1323.90
1315.30
1322.50
1320.00
1261.20
1268.00
1270.50
1290.00
1292.50
1296.10
1285.80
1285.60
1284.40
1273.40
1270.20
1259.80
1244.40
1244.60
1240.10
1209.80
1211.90
1214.80
1212.15
1213.80
1220.10
1223.50
1228.90
1251.10
1252.40
1254.20
1273.70
1276.20
1273.40
1271.90
1270.30
1274.60
1263.90
1265.60
1292.90
1271.40
1273.30
1290.70
1294.70
1289.20
1265.50
1249.20
1242.20
1238.90
1228.70
1249.00
1253.20
1253.00
1233.60
1233.10
1225.00
1246.80
1259.40
1256.70
1242.50
1236.20
1222.50
1228.40
1218.00
1222.20
1234.20
1226.90
1235.60
1219.90
1216.70
1221.40
1223.70
1248.20
1243.80
1253.80
1264.50
1229.30
1230.40
1244.40
1258.70
1272.00
1256.60
1262.10
1263.20
1269.90
1257.40
1241.10
1230.30
1233.90
1219.80
1238.20
1238.70
1222.30
1209.50
1230.40
1226.10
1211.10
1207.90
1208.10
1233.60
1239.10
1247.90
1194.70
1198.70
1197.90
1157.80
1157.60
1141.30
1127.30
1127.90
1116.40
1115.60
1116.10
1121.70
1106.20
1097.20
1099.10
1107.10
1089.90
1088.50
1090.30
1091.50
1073.90
1087.50
1085.60
1096.50
1097.80
1107.70
1091.90
1078.40
1075.10
1060.30
1060.10
1077.50
1070.50
1077.20
1069.40
1074.80
1081.90
1066.20
1050.80
1078.00
1062.90
1064.70
1076.90
1073.10
1077.60
1076.30
1076.40
1084.50
1061.70
1054.20
1063.80
1065.80
1056.20
1070.80
1070.50
1074.30
1066.80
1076.40
1078.00
1068.80
1068.70
1083.70
1080.80
1080.80
1084.70
1088.20
1087.90
1087.60
1104.40
1106.50
1114.20
1135.80
1141.50
1147.20
1177.10
1166.80
1167.00
1163.30
1166.60
1167.60
1178.00
1173.30
1183.60
1187.90
1180.10
1165.80
1164.90
1156.30
1144.70
1149.00
1146.80
1138.10
1137.10
1114.20
1115.50
1127.10
1132.00
1146.00
1153.80
1131.60
1125.00
1133.10
1138.10
1117.30
1119.20
1102.80
1107.70
1103.50
1109.50
1102.20
1120.40
1119.90
1119.90
1120.60
1123.70
1132.50
1138.70
1131.60
1133.10
1122.40
1124.60
1138.20
1153.40
1159.60
1153.00
1128.10
1117.10
1118.60
1112.90
1115.70
1123.20
1107.60
1104.20
1094.10
1090.20
1085.70
1090.70
1089.40
1094.90
1088.40
1092.70
1096.30
1096.50
1085.60
1094.00
1091.40
1103.40
1106.70
1131.80
1143.80
1147.20
1153.30
1155.20
1157.70
1159.00
1163.30
1152.40
1172.90
1167.80
1163.00
1169.00
1171.50
1178.50
1172.90
1171.50
1172.60
1176.20
1183.70
1201.50
1201.50
1176.40
1180.50
1185.30
1178.80
1179.90
1186.10
1177.30
1173.20
1167.80
1174.90
1184.70
1194.10
1188.30
1189.40
1188.10
1185.90
1187.20
1207.40
1204.40
1204.30
1204.40
1208.90
1206.90
1227.80
1225.50
1225.40
1218.40
1192.60
1183.20
1189.10
1182.40
1190.30
1193.20
1186.80
1174.50
1182.40
1209.80
1214.00
1203.30
1175.20
1194.40
1186.90
1202.90
1193.50
1202.90
1198.00
1201.50
1192.80
1199.30
1204.60
1193.60
1203.10
1210.60
1218.60
1200.90
1200.90
1208.10
1183.10
1184.80
1199.80
1205.10
1197.30
1191.70
1188.00
1184.80
1169.10
1151.40
1148.30
1153.30
1152.60
1152.10
1150.70
1160.10
1166.40
1164.10
1195.90
1200.60
1204.00
1207.70
1212.60
1209.60
1201.00
1196.90
1200.30
1204.40
1207.10
1199.70
1208.10
1231.70
1228.80
1226.50
1220.10
1219.00
1231.60
1240.80
1233.90
1262.00
1263.80
1259.70
1276.20
1278.50
1254.60
1285.90
1291.70
1279.40
1292.60
1300.70
1293.70
1294.20
1275.90
1279.00
1276.90
1264.70
1234.40
1234.30
1232.70
1216.00
1208.40
1210.60
1219.30
1203.90
1186.00
1186.80
1183.90
1200.20
1181.70
1195.30
1177.00
1173.50
1177.90
1179.70
1195.90
1194.70
1194.30
1193.90
1207.20
1222.00
1225.10
1228.90
1231.50
1194.70
1190.10
1207.50
1208.50
1199.20
1218.00
1175.20
1188.80
1196.60
1197.10
1195.50
1197.50
1190.70
1193.60
1196.70
1183.00
1185.00
1161.10
1158.90
1162.80
1159.60
1169.60
1142.30
1145.40
1167.40
1169.40
1171.10
1198.10
1224.30
1229.20
1229.10
1231.20
1228.50
1244.80
1251.00
1244.00
1238.30
1240.50
1244.10
1233.60
1229.30
1221.00
1224.60
1205.30
1211.70
1206.70
1192.20
1214.20
1214.60
1210.50
1217.50
1214.10
1221.20
1218.60
1221.00
1216.80
1215.30
1225.70
1234.40
1235.20
1233.60
1229.90
1237.40
1243.50
1246.80
1252.70
1265.80
1265.10
1268.90
1263.70
1287.40
1287.70
1285.80
1288.70
1281.90
1283.80
1277.30
1278.60
1273.70
1293.40
1295.10
1297.70
1304.50
1313.90
1312.80
1308.80
1308.50
1308.90
1310.80
1306.70
1284.00
1287.70
1293.60
1281.30
1294.90
1298.30
1303.30
1303.10
1290.60
1304.50
1306.10
1313.70
1309.20
1316.70
1299.60
1296.90
1306.30
1337.00
1338.70
1323.80
1316.00
1316.50
1321.30
1320.40
1330.70
1326.40
1321.80
1319.00
1316.10
1322.20
1320.90
1318.00
1316.20
1313.70
1272.40
1271.70
1274.90
1273.70
1273.60
1260.80
1259.80
1253.50
1252.10
1253.00
1244.00
1244.30
1243.70
1245.60
1256.30
1259.30
1265.40
1292.50
1291.70
1291.60
1294.90
1288.00
1294.50
1293.70
1293.30
1293.50
1305.70
1294.60
1295.60
1287.30
1287.40
1288.60
1308.30
1309.00
1302.60
1283.10
1295.60
1296.00
1298.90
1300.70
1290.50
1284.20
1280.60
1288.00
1293.40
1303.10
1300.00
1327.20
1318.70
1320.10
1305.50
1308.70
1298.00
1303.20
1284.40
1290.50
1279.60
1283.40
1293.80
1294.70
1303.40
1311.40
1311.20
1336.00
1330.50
1341.40
1359.00
1372.90
1379.00
1372.20
1370.30
1346.50
1341.40
1338.10
1351.70
1340.20
1337.80
1350.10
1321.40
1331.60
1328.20
1343.00
1338.30
1323.90
1317.10
1320.60
1324.70
1328.50
1319.00
1300.40
1295.30
1290.10
1274.80
1263.30
1257.60
1257.30
1251.70
1260.40
1240.10
1242.20
1262.20
1251.00
1263.60
1264.50
1262.60
1239.00
1242.30
1255.10
1251.70
1240.00
1238.10
1245.20
1250.90
1246.70
1229.30
1225.30
1229.40
1237.80
1238.40
1225.00
1205.40
1201.90
1203.10
1216.10
1214.10
1205.10
1198.40
1205.10
1195.00
1236.10
1231.20
1245.50
1235.70
1226.00
1258.50
1262.40
1235.30
1230.30
1233.20
1248.20
1221.70
1222.30
1250.60
1243.80
1237.80
1241.40
1241.10
1244.00
1243.50
1257.90
1273.40
1272.20
1287.30
1286.20
1268.30
1271.10
1281.00
1284.50
1308.40
1317.70
1308.00
1314.60
1313.10
1323.60
1349.00
1345.20
1352.00
1352.40
1350.20
1333.90
1342.50
1315.70
1314.40
1322.70
1282.00
1273.00
1276.40
1268.00
1296.60
1306.90
1324.20
1324.80
1309.70
1317.40
1320.60
1286.00
1326.50
1338.40
1323.60
1335.90
1316.00
1326.90
1332.50
1369.40
1307.80
1309.50
1317.90
1308.40
1330.40
1363.90
1364.10
1386.80
1386.70
1373.10
1389.90
1412.00
1393.70
1396.10
1412.90
1419.00
1420.60
1393.00
1395.70
1371.20
1370.60
1373.10
1366.20
1371.70
1361.60
1334.00
1321.20
1334.70
1312.90
1310.70
1286.10
1283.20
1302.60
1310.60
1311.00
1312.40
1324.00
1328.40
1321.70
1329.00
1319.70
1335.10
1336.40
1293.30
1284.60
1277.90
1290.80
1283.80
1277.80
1280.10
1247.40
1245.90
1234.90
1212.90
1247.05
1252.10
1243.60
1255.90
1223.80
1211.40
1229.60
1274.80
1276.80
1291.60
1285.90
1373.60
1366.60
1382.80
1387.30
1377.60
1391.80
1377.00
1386.20
1383.00
1415.70
1398.40
1397.10
1411.70
1392.60
1411.50
1391.30
1379.10
1395.95
1386.80
1392.00
1367.60
1377.80
1384.30
1364.90
1387.10
1396.50
1424.70
1434.50
1436.80
1468.80
1473.90
1449.00
1468.10
1464.30
1467.70
1446.30
1472.20
1467.40
1453.60
1461.80
1423.40
1408.60
1421.00
1395.30
1392.00
1382.20
1386.80
1360.60
1501.00
1564.30
1558.30
1586.20
1572.00
1575.40
1551.80
1552.80
1575.10
1600.00
1594.80
1606.20
1595.80
1604.60
1606.20
1613.80
1607.50
1611.30
1604.60
1592.50
1590.60
1588.30
1591.50
1577.80
1576.60
1574.80
1574.60
1574.60
1572.10
1571.90
1577.70
1595.20
1615.20
1586.20
1572.40
1578.20
1577.60
1603.60
1608.80
1634.70
1644.20
1648.70
1648.20
1666.00
1670.40
1677.70
1672.40
1675.30
1669.40
1660.60
1679.90
1660.70
1652.40
1656.40
1669.50
1686.30
1692.80
1686.60
1690.40
1682.70
1683.40
1668.90
1660.00
1677.30
1654.80
1661.50
1645.50
1648.10
1673.70
1687.90
1674.80
1654.90
1662.60
1659.80
1658.60
1659.10
1644.90
1666.50
1669.50
1697.00
1695.80
1695.60
1716.60
1708.20
1713.00
1704.00
1700.30
1692.40
1694.40
1719.60
1710.90
1727.20
1716.50
1742.20
1749.50
1751.30
1727.90
1723.20
1734.00
1714.30
1713.30
1729.50
1724.20
1730.30
1730.30
1725.40
1713.20
1714.10
1682.20
1674.10
1714.10
1717.50
1710.50
1707.70
1710.90
1712.00
1700.50
1708.30
1725.10
1722.80
1743.30
1751.50
1744.70
1736.00
1758.00
1768.80
1763.20
1763.00
1773.50
1778.60
1794.10
1777.30
1772.70
1780.50
1771.10
1777.60
1750.60
1763.80
1762.10
1775.50
1767.70
1769.00
1768.40
1767.70
1769.80
1769.10
1730.60
1731.80
1728.70
1737.50
1702.60
1690.80
1692.90
1684.60
1653.50
1659.80
1666.50
1672.40
1669.80
1669.60
1637.40
1639.90
1620.10
1616.30
1616.10
1603.70
1599.40
1609.60
1619.70
1617.10
1612.90
1609.70
1612.90
1606.00
1587.40
1603.70
1610.50
1619.70
1617.90
1615.00
1608.00
1576.00
1577.10
1582.50
1580.10
1570.40
1589.10
1591.20
1591.60
1564.90
1575.20
1579.30
1588.60
1578.40
1608.90
1621.30
1597.20
1603.50
1549.70
1577.50
1574.00
1587.50
1566.00
1564.50
1614.80
1622.20
1625.70
1627.00
1618.40
1618.10
1612.70
1595.50
1590.10
1586.60
1632.80
1615.20
1612.20
1620.50
1562.60
1563.40
1548.60
1568.80
1557.30
1548.10
1576.30
1588.40
1591.60
1574.50
1536.20
1556.80
1560.60
1583.60
1595.10
1593.70
1604.00
1638.60
1644.70
1634.20
1653.40
1661.70
1663.40
1664.00
1659.60
1641.40
1643.00
1631.90
1642.10
1640.60
1638.80
1650.30
1648.70
1659.10
1679.50
1659.00
1659.50
1642.50
1628.50
1612.30
1670.00
1677.50
1669.30
1652.20
1657.90
1684.80
1685.50
1662.30
1642.30
1650.00
1646.70
1666.90
1655.50
1659.10
1642.50
1693.70
1699.20
1710.90
1698.10
1683.30
1671.40
1703.00
1708.80
1721.10
1709.90
1787.00
1773.60
1775.10
1784.90
1770.00
1757.10
1724.50
1726.80
1726.30
1715.90
1723.00
1723.30
1739.00
1729.30
1746.40
1722.80
1737.90
1756.80
1747.10
1737.80
1731.00
1731.80
1726.30
1699.80
1664.20
1678.00
1663.70
1654.10
1659.50
1655.20
1630.40
1647.30
1639.20
1631.00
1607.50
1616.10
1619.40
1611.90
1599.70
1565.80
1539.90
1562.90
1594.20
1604.70
1608.90
1611.90
1615.60
1594.40
1595.60
1574.60
1584.30
1659.90
1664.20
1712.80
1709.80
1740.90
1727.90
1730.70
1747.00
1735.30
1745.50
1713.40
1710.80
1685.50
1695.70
1702.20
1678.30
1724.70
1719.80
1773.80
1781.70
1777.80
1787.50
1758.90
1790.90
1798.40
1790.30
1755.30
1764.20
1728.70
1711.00
1724.20
1746.20
1746.70
1722.70
1699.60
1651.50
1635.10
1611.90
1646.00
1651.70
1675.50
1681.80
1667.30
1681.30
1659.70
1669.60
1634.50
1651.90
1640.30
1614.70
1656.00
1620.40
1615.50
1616.30
1650.60
1592.50
1637.50
1739.20
1805.50
1806.60
1776.40
1812.10
1778.50
1823.50
1826.80
1809.90
1856.40
1854.40
1814.20
1869.90
1873.70
1826.00
1828.50
1826.70
1788.40
1794.10
1759.80
1754.10
1858.30
1888.70
1848.90
1818.90
1791.20
1782.40
1755.50
1740.20
1748.80
1781.30
1740.00
1710.20
1648.80
1656.20
1663.40
1641.90
1619.00
1628.30
1613.40
1615.00
1616.60
1612.00
1601.30
1586.80
1596.70
1600.90
1602.10
1589.80
1589.00
1585.20
1561.90
1548.80
1541.20
1530.20
1528.70
1512.30
1482.30
1502.30
1509.90
1499.70
1496.00
1500.50
1520.10
1552.90
1546.00
1541.50
1538.60
1529.30
1525.60
1523.80
1515.00
1528.60
1542.10
1538.10
1543.30
1546.50
1541.70
1532.00
1542.40
1535.90
1536.30
1522.80
1526.60
1523.20
1515.30
1508.80
1492.20
1495.60
1479.80
1490.40
1493.40
1506.60
1501.10
1516.60
1502.90
1491.20
1480.90
1514.90
1540.10
1556.70
1556.00
1530.80
1516.70
1503.00
1508.60
1503.20
1498.30
1494.50
1492.30
1485.30
1471.70
1454.90
1452.90
1467.40
1473.40
1458.50
1457.70
1451.80
1432.20
1428.10
1438.90
1423.80
1416.00
1419.80
1426.10
1434.80
1437.90
1427.50
1426.20
1415.90
1404.00
1396.00
1392.60
1424.60
1421.50
1412.20
1429.30
1426.90
1434.10
1428.20
1416.00
1437.20
1430.70
1409.30
1408.70
1415.30
1413.40
1400.50
1388.20
1384.70
1374.70
1373.60
1364.60
1359.90
1361.90
1364.80
1363.40
1347.60
1348.30
1352.30
1331.50
1339.60
1333.80
1340.70
1318.40
1333.00
1332.30
1344.50
1341.00
1346.50
1370.20
1368.10
1360.40
1386.90
1385.70
1384.00
1373.70
1368.50
1371.40
1373.40
1378.50
1422.60
1421.10
1405.60
1413.10
1405.20
1382.40
1380.00
1386.80
1388.20
1385.50
1378.60
1370.40
1385.50
1403.60
1397.30
1384.30
1392.10
1382.50
1408.30
1415.30
1405.40
1388.50
1387.30
1385.00
1366.00
1362.30
1372.90
1377.50
1357.70
1352.20
1352.90
1336.80
1338.30
1368.40
1365.40
1403.10
1399.10
1409.80
1402.80
1397.30
1382.70
1337.10
1356.40
1350.20
1357.10
1342.10
1322.20
1338.00
1338.30
1324.40
1324.70
1343.30
1335.10
1371.20
1371.10
1376.70
1369.50
1345.70
1353.30
1344.20
1333.90
1346.40
1338.90
1315.40
1316.10
1307.80
1308.50
1306.60
1296.70
1296.00
1294.30
1290.20
1272.40
1279.00
1275.60
1271.90
1266.70
1269.70
1245.10
1244.50
1248.90
1255.60
1257.30
1249.20
1251.50
1246.30
1248.30
1237.10
1236.00
1235.40
1239.50
1231.80
1226.90
1227.20
1233.80
1229.70
1226.60
1224.50
1214.90
1214.80
1197.50
1196.20
1200.70
1203.40
1197.20
1193.70
1185.20
1183.40
1181.70
1168.40
1160.40
1158.00
1183.00
1187.70
1195.50
1191.60
1191.50
1181.70
1188.00
1208.10
1206.80
1213.30
1198.50
1209.60
1195.80
1198.60
1194.80
1207.40
1206.30
1245.50
1242.00
1238.20
1255.80
1245.50
1234.10
1239.90
1239.70
1257.20
1247.50
1229.30
1233.20
1223.30
1228.90
1220.80
1228.50
1244.00
1239.30
1216.20
1208.30
1220.60
1224.80
1212.20
1211.90
1213.30
1197.80
1193.80
1175.70
1187.80
1192.60
1214.30
1227.70
1227.40
1228.80
1242.70
1219.90
1200.40
1210.00
1196.90
1174.60
1168.60
1182.70
1180.10
1168.40
1171.30
1161.70
1153.50
1153.10
1142.30
1148.20
1138.60
1135.20
1136.30
1159.70
1159.00
1152.80
1161.60
1161.10
1152.20
1152.30
1135.10
1132.90
1125.10
1113.30
1104.50
1110.30
1104.20
1092.70
1088.60
1103.50
1099.30
1107.40
1127.40
1124.00
1122.20
1105.10
1101.50
1108.00
1107.80
1122.00
1123.60
1134.80
1132.60
1142.70
1136.90
1117.80
1118.30
1107.80
1096.50
1102.70
1112.60
1121.30
1118.00
1119.50
1119.30
1089.50
1094.20
1075.80
1076.70
1065.70
1052.20
1062.40
1111.40
1117.40
1104.30
1083.00
1083.60
1084.40
1097.90
1095.20
1089.20
1102.70
1112.30
1139.70
1130.10
1142.60
1136.40
1128.90
1150.70
1138.20
1133.10
1135.90
1118.10
1117.70
1095.20
1091.50
1097.00
1107.20
1104.10
1093.30
1086.00
1095.40
1110.80
1106.80
1135.50
1122.40
1123.30
1119.40
1125.70
1120.40
1142.80
1163.40
1168.80
1217.40
1212.00
1199.10
1181.10
1174.20
1186.90
1165.50
1164.30
1146.40
1141.40
1140.70
1138.80
1138.60
1116.10
1106.00
1114.00
1101.90
1100.80
1095.10
1088.70
1086.70
1084.30
1053.40
1039.70
1046.40
1029.90
1034.70
1042.10
1055.60
1057.80
1063.70
1057.80
1057.30
1050.70
1049.80
1063.90
1064.20
1056.70
1047.80
1055.40
1043.30
1038.60
1016.70
1003.20
999.5
1008.00
993.1
992.5
990.2
997.5
1013.00
1014.20
1003.70
1009.20
1012.30
1018.90
1005.00
999.9
1004.90
995.4
995.3
997.9
994.9
995.8
976.6
954.7
951.7
957
945.5
944.3
944.5
942.3
953.2
940.3
943.3
937.7
934.3
947
954.7
950.7
945.8
945
957.3
960.7
964.2
967.5
956.6
953.7
934.9
927.2
939
953.3
952.8
954.5
953
946.6
948.5
937.2
935.1
939.1
922.5
922.2
912.2
915.9
909
928.8
924
930.7
941
927.1
940.4
940.7
939.1
934.1
923.9
920.6
935.6
934
935.4
931.6
926.9
940.1
961.3
954
954
951.7
961.7
981.2
964.5
983.2
978.6
978.8
961.5
953.2
953.1
958.5
950.8
937
926.3
921.3
930.9
928
925.5
923.5
913
914.4
915
910.5
903.7
901.6
887.6
890.7
899.8
892.8
907.4
913.6
905.9
891.8
882.1
887
867.4
879.3
892.8
890.9
894.7
882.2
884.8
882.2
871.5
895.6
907.4
926.1
922.6
915.5
923
939.6
935.4
923.3
952.1
955.8
958.3
888.7
916.4
921.6
929.8
923.7
910.4
895.6
917.7
942.1
927
906
912.9
939
941.5
941.8
965.7
969.1
994.6
1001.80
976.1
977.7
967
941.5
948.5
943.8
913.7
892.4
913.9
913.6
901.6
892
906.7
927.3
905.1
888.1
899.2
908.5
895.3
858.2
849.6
854.6
839.3
806.7
808.2
820.1
820.3
854.3
853.9
841.1
865.4
857.2
878.8
883.6
869.3
874.6
870.4
847.1
837.2
846.2
836.4
859.6
867.5
841.7
835.4
818.9
824.9
807.1
772.4
767.4
750.5
763.8
768.8
781.3
774.6
816.2
808.5
818.4
819.4
791.7
748.6
735.9
732.6
741.9
742.4
704.9
717.7
732
745.6
733.2
731.2
741.3
756
725.4
716.8
737.2
752.8
739.3
741.7
729.1
713.3
733.3
766.1
787.6
785.1
801.5
835.5
836.3
838.9
855.4
883.1
903.1
878.4
862.7
828.9
839
880.7
874.2
888.2
882.9
877.7
889
885.5
903.9
860.6
892.7
846.6
776.5
783.1
760.3
741.3
757.9
787.1
797.5
797.6
797.9
802.7
805
829.3
830.9
828.1
822.2
819.8
827.4
833
810.3
811.1
799.7
786
808.2
825
808.2
821.5
857.8
870.7
875.6
878.6
900.1
909
913.9
902.9
916.4
927.6
926.6
922
922.4
948
963.1
957.3
970
961.8
977.7
972.7
959.5
940.9
927.3
921.9
927.3
931.9
944.8
942.5
926.2
929.3
913.1
880
889.2
884.8
901.3
901.7
890.9
884.3
883.6
870.3
869.2
879.7
867.9
894.7
895.4
871.8
879.9
881.6
892.9
887.3
877.2
900.5
907.7
925.6
917.9
928
919.5
905
899
879
865.4
868.5
883.7
884.5
880.6
869.6
876
872.3
856.1
848.9
862.8
874.2
892.9
887.2
886.8
906.2
922.3
914.7
912.2
939.8
945.1
928.7
925.4
923.6
928.3
933.6
914
922.7
909
905
895.2
882.9
916.2
930.6
948.8
949
934.6
918.3
919.6
944.7
1003.20
1001.40
998.2
992.3
978.8
974.2
969.9
972.2
975
986.2
963.9
981.5
972.1
964.5
958.2
946.1
937.6
944.7
946.1
934.6
926.6
902.8
907.4
906.5
907.4
922.9
918.4
906.1
900.7
885.9
904.9
908.7
922.7
920.6
925.1
927.1
910.5
905.5
882.5
889.6
880.8
879.5
880.6
901
901.6
896.1
891.7
879.5
878
859.6
863.1
866.4
857
834.9
839.6
828.6
826
812.8
811.6
799.2
801.1
803
794.8
793.3
799
813.5
811.4
807.7
794.4
801.2
797.5
801.3
788.3
782.2
795.3
800.1
813.7
826
824
797.6
790.3
776.8
785.7
785.9
813
797.2
805.8
832.5
835.2
831
820.8
808.1
805.7
790.7
792
784.3
789.1
783.9
767.3
761.6
759
755.8
764
764.1
757.5
757
757.1
748.7
751.3
740.4
737.4
732.8
741.3
737.8
729.3
729.8
747.2
742.8
732.7
728.3
731.6
732.1
731.4
732.4
722
715.8
715.8
709.6
709.5
711.9
712.2
703.3
700.8
695.6
681.7
682.5
673
665
666.3
664.4
666.8
668
658.9
659.1
656.7
656.7
656.9
648.3
668.9
668.6
669.7
670.3
661.4
674.5
670.6
671.5
672.5
664.6
663.6
666.9
664.1
660
662.5
673.3
684.2
680.8
683.9
677.2
672.6
664.7
665
665.8
666.7
660.3
662.5
660.5
652.7
648.4
652.9
656.5
648.1
647.5
641.7
642.1
651.3
653.5
650.6
656.1
660.7
655.8
654.5
651.6
648.2
648.5
654.3
645.5
660.1
669.3
669.6
670.7
671.2
661
653.1
657.1
655.1
653
661.9
659.1
662.9
661
656.2
660.2
673
668.5
670.6
665.1
680.3
685.1
688
687.2
681.8
672.3
674.4
680.5
678.7
674.9
684.1
684.2
690.6
692
684.3
689.1
688.2
690.1
685.4
675.1
676.8
676.5
671.9
674.2
672.1
664
665.7
663
661.5
666.5
662.1
663.4
656.7
663.4
659
657.9
653.1
652.6
645.7
640.9
647.6
648.4
650
653.4
650.6
643.8
636.7
641.5
662.3
669.4
683.9
686.5
683.1
679.4
680.2
657.1
668.8
667.3
667.4
663.9
662.6
667.5
658
652.3
653.6
650.9
646.2
657.4
652
644.2
643.1
644.5
647.8
647.6
645.2
633.3
635.5
627.1
632.1
624.6
625.5
612.4
611.6
613.1
607.5
604.9
623.9
627.1
635.2
635.2
634.1
627.2
623.7
619.1
618.2
620.6
621.6
614
615
626.6
627.9
627
630
626.1
631.9
630.5
642.3
645.2
644.7
646.9
635.5
637.2
640.4
628.7
628.7
628.2
621.2
621.5
620.6
622.5
623.8
624.2
628.4
635
616.4
625.7
625.8
626.9
625.4
616.6
604.1
604.7
598.2
596.8
587.6
584.4
579.7
593
599
588.9
589.7
594.7
588.8
576.3
572.3
571.9
578.4
572.4
571
562
576.3
597.7
598.6
605
597.3
591.2
589.9
589.4
582.2
580
576.8
586.2
576.4
579.3
589.1
587
590
609.6
617
633.5
638.5
624.4
625.9
617.7
610.7
615.3
622
619.5
623.7
624.6
625.7
612.1
615.4
628.7
622.5
628.5
633.5
634.9
650.5
645.7
647.8
644
644.9
651.6
646.3
634.2
634.8
632.4
621.6
617.6
612.7
619.6
631.7
641.6
628.3
650.6
666.6
652.9
649.4
641.2
624.1
632.8
634.1
627.3
613.5
613.5
586.5
578.3
581.6
584.8
584.8
582.2
587.5
576.9
568.8
578
566.5
562.3
562.5
606.8
608.2
609.1
627.4
629.4
643.2
635.5
627.6
642.5
653.9
650.9
648.4
637
673
657
656.7
679.6
690.5
691.5
683.6
710.3
719.8
703.7
699.4
677.8
682.2
674.2
665.9
664.7
657.5
651.8
633.3
638.8
631
620.6
632.2
619.8
632.6
620
615.4
596.5
597.5
595.2
597.6
588.4
595.2
587.9
586
589.4
581.8
586.7
573
566.6
567
560
550.1
550.9
552.4
555.2
554.1
554.4
553.1
551.7
546.1
539.9
545.5
542.5
552.7
554.9
566
568.2
563.5
561.6
554.7
558.8
548.4
553.9
553.9
551.8
546
539.7
545.9
539
550.2
564.5
550.1
551
570.2
567.4
572.5
569.4
570.8
565.8
558.7
559.7
562.2
557.7
558.3
553.5
558.4
543.7
553.4
556.1
548.3
548.8
544.3
549.1
539.7
526.3
533.9
530.7
518.6
517.1
515.7
514.2
508
503
502.7
493
494.6
503.6
503.4
503.9
506.5
521
528.4
527
519.3
514.3
510.2
508.9
503.3
502.5
494.6
499.1
498.3
492.1
492.6
489
485.6
486.2
478.3
468.1
468.2
468.3
466.6
466.3
460.9
459
456.3
460.1
462.8
458.8
465.1
473
473.8
471.2
472.8
465
467
461
463.5
472.1
474.1
469.2
471.1
473.9
477.1
475.1
474.7
471.9
466.1
466.1
466.1
469
472.3
469.7
462.6
465.9
463.5
466.6
468.9
466.2
466.7
459.5
455.5
449.8
446.1
449.7
449
446.7
444.9
444.4
444.2
442.3
433.8
431.2
437
437.4
438.4
437.3
439.4
438.1
437.2
439.5
439.9
446.1
442.2
445.9
445.5
436.5
434.2
434.7
437.2
437.9
436.9
431.9
431.9
429.9
427.4
424.7
423.4
425.7
424.7
425.4
421.7
419.7
420.5
420.7
419.6
423.9
426.3
425.5
422.9
423.3
423.5
422.9
427.8
435.9
437.3
436.4
440.3
440.5
441.7
438.1
438.9
438.4
438.3
436.2
429.1
427.5
429.3
427.4
424.2
424.7
424.8
426.5
423.7
422.7
415.3
416.3
419.8
418
418.8
417.5
416.6
417.4
420.5
421.5
419.4
418.9
420.2
421.6
427.2
427.2
426.2
426.1
429.8
429
426.7
429.5
435
431.3
433
437.9
434.6
434.3
433
435.3
432.9
427.5
424.9
424
429.3
427.6
428.6
426.9
426.5
427.1
424.5
423.9
425.9
428.7
426.9
426
425.9
424.7
425.2
431.3
431.1
439.3
438.7
443.7
440.9
441.1
446.2
442.8
442.1
440.3
435
434.2
429.9
432.8
432.9
436.5
434.9
434.5
434.9
434.5
427.1
427.3
425.5
425.9
425.8
420.5
417.2
412.9
412.6
413.6
414
416.6
421.1
420.8
421.8
425.8
426.3
426.9
422
426.9
426.7
422.4
423
423.2
422.7
424.7
426.1
421.9
419.1
418.9
421
426.6
428.5
428.7
437.5
436
444.3
445.2
441.9
440.3
441.8
442.4
441.6
436.9
440.8
435.9
438.9
433.9
435.8
437.2
452
454.2
456
450.4
454
451.3
453.7
449.3
447.8
448.8
446.8
442.6
444.8
440.2
437
437.9
434.9
434
435.7
432.7
433.6
430.1
424.6
420
427.3
428.5
425.1
424.8
426.8
429
424.6
424.4
423.5
420.3
416.2
418.7
418.1
413.2
415.1
422
423.1
418
418.4
418.2
414
419.5
418.7
413
412.5
409.1
408.1
410.9
407.2
408.3
405.3
405.8
404.7
405
405.7
404.1
401.9
398.5
399.4
397.4
400.5
406
408.8
410.4
407.8
403.3
407.4
407.9
403
410.5
413.2
407.1
404.3
404.4
402.9
398.9
394.3
395.5
400
400.7
399.8
392.3
392.2
394
391.7
391
387
389
387
390.3
390.5
395.2
397.1
401.9
405.6
406.6
404.2
405.4
402
408.1
407.5
407.8
402.3
392.6
398.3
396
392.6
392.5
401
402.9
403.1
395
395
394
395.1
388.9
384.6
388.1
383.6
385.9
384.5
391
393.7
390.9
388.1
391.6
394.6
394
388.3
388.3
385.6
384.8
378.4
382.9
375.8
379.5
377
374.8
377.4
376.9
378.3
378.7
388
393.4
391.4
387
387
386.6
385.4
398.6
396
395.1
393.3
390.8
397.7
400.6
401
397.7
399.8
407
420.1
419.9
422.8
418.9
415.4
421.6
427.8
427.3
421.7
417.1
422.1
416.7
417.2
419.8
417.4
412.5
411.1
406.9
402.4
399.4
395.3
400.7
400
404.2
400.6
401.3
392.9
392.4
393.5
399.3
396.4
395.1
395.8
404.5
399
397.5
409.8
412.3
416
410.3
413.7
410.2
406.4
406.8
403.6
398.1
401
399.2
398.7
402.2
398.5
414.5
410
406.6
407.9
410
411.1
412.7
406.7
408.4
421.7
423.7
426.3
426.4
424
421.9
422.8
424.4
415.7
416.9
414.8
412.3
411
410.6
409.2
410.4
412
407.7
409.2
409.4
404.6
406.2
408.2
406.6
406.4
403.3
403.9
403.7
402.7
396.8
391.5
396
393.7
394.9
397.6
391.5
397.8
394.1
394.9
388.1
386.6
383.3
380.6
382.6
379.9
377
384.5
384.3
386.8
383.2
387.9
388.9
384.7
386.5
381.7
374
371.8
372.7
372.6
375.7
375.2
373.6
369.2
375.4
377.2
372.7
369.4
383.1
384.3
385.4
382.4
380.8
385
387.5
385.9
387.2
381.8
376.6
376.2
373.5
374.5
375.8
379.7
380
381.7
375.1
377.6
372.9
373.9
373.2
375.7
370.5
373.5
365.8
361.3
363.1
360.6
365.6
361.6
358.4
363.2
366
362.1
358.5
361.7
356.3
352.5
350.8
349.6
349.2
346.1
354
356.2
361.7
364.8
362.7
362.2
358.6
350.6
350.9
347.2
344.2
343.1
342.1
347.7
344.8
344.3
343.6
344.1
348.1
351
351.3
351.4
346
345.2
343.9
349.3
346.3
353
356.3
361.3
357.2
363.2
359
356.6
353.3
355.5
352.2
361.8
363.7
368.6
362.6
365.2
366
364.5
369.6
365.2
367.8
368.8
368.1
372
366.3
364.2
354.7
352.6
352.3
350
351.6
348.6
348.4
341.9
342.5
342.3
341
342.1
339.1
333.7
334.5
333.4
334.8
331.5
334.4
333.5
327.2
325.8
324.9
324.2
327.9
326.7
325.6
322.2
321.5
325.3
324.9
329.6
334.3
335.9
331.5
328.7
330.3
328.4
329.5
326
332.9
336.1
337.6
337.1
336.5
335.9
346.5
350.5
354.7
350.8
356.8
353.1
353.2
349.2
350.2
346.1
354
352.3
356.3
351.8
353.1
349.9
344.2
351.9
357.4
352.6
362.5
363.7
369.9
370.1
376.4
379
370.8
368.3
368.6
366.3
370
369.4
368.2
364.5
359.7
357.3
356.6
357.7
350.7
352
354.7
354.5
353.3
353.9
347.3
351.7
351.2
346.1
347.6
343.4
349.2
348.7
346.8
345.1
340.5
345.9
342.1
337.4
337
333.2
331.4
324.8
323.5
325.8
326.3
324.8
322.2
320.2
317.6
316.8
317.8
320.7
317.4
317.4
318.6
319.2
320.7
317.9
318.7
324.5
321.2
321.3
320.5
317.5
318.2
318.3
318.8
318
316.5
317.7
315.2
313.4
310.7
312
313
310.9
312.7
311.6
314
312.6
317.8
316.3
316.5
319.6
318.2
321.9
322.1
321.1
321.5
320.9
323.9
319.7
320.3
322.2
325.9
323
321.9
322.6
320.6
317
317.1
316.6
318.9
316.6
317.9
321.3
319.9
318.2
314.9
313.4
312.4
312.9
309.4
312.3
309.4
306.7
306.6
307.6
308.7
306
313.7
314.3
311.8
314.2
314.1
314.2
310.4
314.3
305.5
307.8
307
304
303.2
303.7
302.5
303.4
309.8
311.5
312.7
323.6
323.9
317
317.4
317.2
319.6
315.6
317.2
314.7
316.1
312.1
310.9
312.8
314
313.5
319.2
320.5
320.2
324.3
324.6
323.2
319.8
319.2
317.4
319.1
317.7
320.3
319.7
318.7
324.6
324.9
321.2
327.8
326.7
326.5
325.5
325.4
323.9
320.4
322.5
318
315.8
315.7
310.6
309.8
308.7
307.3
310.6
311
309.5
308.2
311.6
311.2
312.2
308.3
309.1
308.9
311.2
311.6
308.1
304.3
304
303
302.3
304.5
302.1
298.8
300
302.1
302.2
301.7
298.8
300.5
300.1
301.1
302.6
305.9
303.2
302.6
296.6
297.4
297.3
292.8
292.1
292.8
292.1
289.9
291
293.6
293.6
291.1
290.1
290.1
293.5
294
296.7
298
296.7
296.3
298
292.7
293.2
293.2
292.3
293.2
298.4
299.7
299.4
300.7
300.1
303.5
299.7
297.5
298.2
289.3
286
282.1
281.9
281.4
278.3
278.8
278.1
278.6
281.5
283.1
284.4
287.3
284.4
285.4
287.4
287.1
283.4
278.9
278.6
278.9
278.2
278.9
278.7
276.5
277.4
279.7
278
276
275.5
280.4
277.7
278
273.9
273.8
272.2
272.2
273.9
274.2
273.7
275.1
276.9
273.9
273.5
274.1
273.2
272.3
272.9
273
272.7
274.7
275.1
277.8
277.8
278.3
277.4
276.8
281
279.7
278.5
279.8
279.7
279.5
280.6
279.1
277.9
277.8
275.9
276.1
275.5
280.1
279.2
283.4
282.3
282.1
284.9
282.2
285.4
288.9
292.1
291.4
290.5
290.5
289.9
292.2
292.4
291.7
293.3
290.5
289.7
291.9
289
291.5
288.1
289.8
290.2
271.6
271.6
273.1
273
272
271.6
274.4
275.4
273.7
272.3
272.6
272.5
275.3
274.9
275
276.1
279.3
275.2
275.7
276.3
275.7
273.9
273.4
267.9
267.2
267.1
267.9
267.4
267.4
266.2
264.6
267.4
266.2
267.7
269.7
268.8
269.9
269.4
270.4
268.1
266.9
267.1
266.6
268.3
266.2
266.5
265.9
265.1
267.6
269.4
270.6
269.3
272.1
276.2
273.7
272.3
272.6
272.4
273.4
272.4
271.2
275.3
272
271.5
267.9
273.4
266
265.7
265.7
266.4
265.3
265.7
273.8
277.9
279.1
283.6
285.1
285.4
287.4
273.6
272
268.1
268.3
267.9
269.1
270
265.1
266.1
266.1
266.3
265.4
264.4
264
263.9
264.4
262.4
264.1
263.7
264.8
265.3
261.3
261.1
263.3
260.1
258.7
257.3
258.3
260
258.1
258.4
256.8
255.6
257.9
258.8
259.7
261
261.9
261.5
261.1
261.9
260.5
259.8
258.1
260
262.5
266.8
271.6
270.8
265.4
261.4
259.9
262.5
262.1
265.2
266.8
267.4
265.8
260.9
258.5
258.2
256.1
258.2
255.1
259.4
260.3
260.7
259.9
260.1
262.8
263.3
265.2
267.1
268.5
265.6
265.5
262.8
262.8
264.5
264.3
266.1
266.4
264.3
264.2
263.2
263.3
263.9
264
264.7
267.5
268
268
267.3
268
268.4
272
271.7
275.2
274.1
273.7
273.7
272.5
269.7
269.7
270.4
269
268.6
270.3
270.2
272.2
273.2
274.3
270.4
270.7
268.7
270.1
266.4
269.8
270.1
266.3
265.7
266.3
265.7
265.8
265.1
264.9
264.3
264.5
265.8
265
264.3
264.5
264.6
264.4
263.9
264.9
264.3
264.4
264.9
266.2
270.1
270.1
271.2
270.1
270.3
271.1
271.5
272.4
276.4
270.5
272.4
270.1
269.3
270.6
270.3
271.6
273.1
273.6
275.6
278.4
273.9
274.1
271.8
270.3
269
271.9
271.4
272.3
272.4
272.8
272.9
273.1
273.3
274
274.2
275.8
277
278.3
273.9
273.4
274
274.1
272.9
271.1
273.5
275.1
276.8
277.7
277.3
274.6
274.4
275.1
272
271.6
272.8
273.1
272.6
273.4
276.5
276.9
276.8
277.7
278.6
279.4
278.9
278.8
280.1
279.8
279
282.5
283.4
281.1
280
280.4
282.2
283.6
283.2
283.2
283.9
290.1
289.3
292.5
285.6
283.6
282.7
285.1
285.8
285.7
285.6
288.7
289.6
291.6
285.5
286.5
283.6
284
287.2
289
285.4
281.4
272.5
271.7
272.3
272.2
270.5
273.5
274.4
275.8
274.1
273
273.1
275.5
275.6
276
275.6
277.7
277
276.4
278.5
279.6
277.5
275.4
273.2
273.1
276.8
275.5
278.1
279.4
279.7
280.5
281
282.1
282.6
281.1
281.2
281.2
281.4
279.8
279.9
281
283.9
277.6
278.4
276.1
275.8
279.2
280.1
284.7
284.9
287.8
289.8
285.6
284.1
286.1
288.7
288.3
290.1
288.6
291.2
288.9
292.2
287.9
288.8
288.2
291.5
292.4
292.5
293
299.1
300.4
305.6
305.2
301.4
302.5
301.7
308.5
311.1
316.2
306.1
299.2
301.9
310.4
287.2
284.9
282.5
283.2
283
287.1
286.3
286.3
287.7
289.3
288.8
289.8
288.6
283.9
284.1
282.7
283.4
281.7
281.9
281.4
281.1
282.7
288.5
291.3
290
288
286.7
286.7
286.9
283.9
283.4
281.8
282.6
280
280.1
278.9
278.4
282.3
283.7
276.4
280
284.7
288.9
290.1
290.6
299.4
298.4
295.3
295.1
294.5
295.1
294.7
291.9
291.4
294.2
298.4
292.3
290.3
290.2
292.6
292.2
291.3
290.4
299.2
299.6
292.7
288.9
299
301.8
304
305.8
308
310.2
314.9
312.7
320.3
316.7
318.8
320.2
322.8
324.5
324.4
316.4
303.7
297.9
300.6
308
281.8
267.8
265.4
264.1
260.2
254.4
254.5
256.1
256
256.7
256.3
256.1
256.9
256
255.6
253.9
255
253.9
255.8
254.2
253.9
253.2
253
253.5
255
258.3
259.4
260.3
262.1
260.9
261.7
261.7
260.2
258.7
257.5
257.1
256.7
257.3
257
256.2
256.9
257.3
254.5
254.4
254.5
255.1
256.4
256
253.8
253.7
254.3
254.7
255
256.7
256.4
257.7
257.3
257.6
257.3
264.1
263.9
263.1
261.5
261.5
260.4
262
261.4
259.4
259.8
260.3
259.3
259.1
260.1
261.1
261.5
259.3
260.2
262.8
266.1
266
266.4
265.9
268.2
270.4
270.5
269.4
270.7
272.8
273.1
274.3
273.1
273.7
274.1
275.5
277.4
277.1
278.1
277.6
282.9
289.7
287.5
285.9
286.6
286.8
286.2
282.9
282.3
281.3
283.6
283.9
284
284.4
284.8
284.1
283.7
281.6
284.1
282.8
281.5
280.7
280.3
279.8
278.3
279.9
279.8
279.2
280.3
279.7
282.9
283.9
284.4
284.5
284.1
283
283.5
283.2
286.8
292.6
294.7
293.2
292.4
291.7
288.5
288.4
287.2
286.9
286.9
287.5
288.4
