100.43
102.309998
102.550003
101.419998
100.080002
99.949997
101.940002
104.040001
103.209999
104.610001
106.190002
105.849998
104.620003
102.589996
101.489998
102.900002
103.940002
102.260002
101.050003
101.370003
104.580002
105.510002
104.050003
102.82
101.889999
105.019997
102.93
104.690002
106.279999
108.370003
106.830002
106.489998
106.330002
107.239998
107.489998
108.139999
108.349998
109.400002
108.209999
107.620003
107.32
107
106.330002
105.889999
104.519997
104.440002
104.150002
106.059998
105.68
105.830002
104.419998
104.839996
101.730003
101.650002
100.190002
100.68
102.080002
100.830002
103.620003
103.25
107.220001
110.639999
115.419998
116.440002
117.040001
115.57
117.059998
117.639999
117.629997
117.279999
117.260002
117.860001
117.93
119.919998
119.599998
118.470001
117.379997
119.330002
118.699997
117.790001
119.290001
119.580002
118.57
116.860001
117.629997
118.57
118.949997
119.900002
119.32
118.830002
119.470001
119.43
118.220001
118.050003
116.690002
116.089996
116.330002
117.459999
117.160004
116.760002
117.669998
118.050003
118.879997
119.349998
121.82
121.879997
122.110001
121.57
121.610001
120.82
120.940002
121.080002
119.330002
118.809998
119.610001
117.900002
119.019997
119.75
121.349998
122.779999
122.290001
125.93
127.040001
127.019997
128.350006
127.980003
121.639999
123.059998
122.82
120.870003
122.690002
120.360001
120.110001
120.650002
121.5
122.870003
120.610001
120.559998
121.160004
121.290001
123.099998
123.489998
126
126.910004
127.190002
126.260002
127.029999
128.210007
128.630005
128.149994
127.540001
126.959999
128.199997
127.93
127.279999
125.699997
126.349998
127.940002
127.209999
127.550003
127.25
127.040001
126.800003
128.389999
129.339996
129.679993
129.929993
128.490005
128.710007
127.400002
127.910004
128.649994
129.929993
130
130.570007
132.309998
131.850006
132.570007
130.899994
132.449997
130.850006
130
129.550003
130.850006
129.479996
130.509995
130.229996
132.309998
131.779999
134.139999
130.25
129
125.5
126.120003
125.75
126.330002
123.75
122.389999
124.669998
125.529999
125.660004
123
123.519997
121.879997
123.209999
122.809998
123.730003
124
125.230003
126.330002
127.809998
127.190002
126.849998
126.459999
127.589996
127.07
127.160004
128.570007
127.419998
126.879997
126.720001
127.25
126.410004
125.550003
125.620003
127.599998
127.940002
127.830002
128.669998
127.760002
128.380005
127.709999
127.980003
129.369995
128.529999
129.240005
129.259995
128.589996
128.770004
128.25
128.25
129.350006
128.929993
128.479996
127.610001
128.759995
128.360001
129.029999
131.25
130.889999
130.630005
132.229996
129.690002
128.990005
129.130005
129.990005
130.729996
128.820007
130.100006
130.460007
129
129.600006
128.119995
127.459999
123.919998
122.099998
126.269997
126.889999
132.679993
131.479996
131.190002
130.440002
129.949997
128.860001
123.800003
125.419998
124.449997
124.519997
123.230003
126.389999
125.260002
124.339996
127.410004
127.959999
125.279999
124.129997
123.720001
123.900002
127.68
128.449997
128.5
129.789993
130.350006
130.979996
130.149994
130.649994
129.300003
130.110001
128.190002
127.120003
128.979996
125.089996
123.480003
122.57
121.860001
123.459999
127
127.970001
127.959999
128.669998
130.479996
130.720001
130.720001
128.029999
129.789993
126.550003
125.269997
127.470001
128.380005
128.410004
128.630005
128.429993
128.020004
128.399994
130.759995
130.369995
131.270004
131.830002
130.139999
132
131.839996
129.830002
128.300003
127.870003
127.769997
128.449997
129.389999
128.899994
127.5
126.470001
124.900002
125.269997
122.779999
124.730003
123.400002
123.129997
125.769997
125.040001
127.580002
125.949997
126.080002
126.360001
127.989998
129.610001
128.850006
129.429993
129.669998
130.190002
131.789993
131.979996
132.570007
131.669998
134.110001
134.649994
134.889999
135.479996
134.139999
135.639999
135.25
137.660004
137.839996
138.720001
138.850006
139.660004
139.850006
140.369995
141.5
141.059998
142.830002
138.029999
139.070007
139.830002
139.669998
139.839996
140.669998
141.429993
140.899994
143.600006
143.320007
143.839996
144.169998
146.789993
146.919998
146.460007
146.139999
146.550003
145.429993
143.740005
143.639999
142.240005
141.949997
144.360001
145.050003
145.389999
143.179993
145.809998
143.899994
142.889999
141.460007
144.410004
145.179993
145.380005
144.990005
144.020004
144.979996
144.300003
144.820007
144.279999
145.820007
144.720001
144.550003
145
144.509995
145.740005
145.949997
145.889999
145.339996
145.710007
146.520004
146.669998
146.759995
147.479996
147.639999
147.050003
148.660004
147.929993
147.639999
147.279999
149.100006
148.820007
150
150.649994
155.690002
155.800003
155.5
159.630005
161.440002
161.039993
161.070007
159.210007
162
163.559998
163.300003
163.529999
164
164.820007
166.050003
164.649994
164.089996
163.850006
163.220001
162.839996
163.399994
164.240005
164.839996
161.949997
160.179993
160.770004
162.279999
161.880005
159.970001
160.160004
163.479996
161.830002
159.929993
162.279999
165.860001
162.020004
162.429993
161.389999
159.020004
153
154.179993
155.889999
157.679993
158
159.529999
160.039993
162.179993
161.369995
162.880005
163.600006
163.070007
164.270004
164.25
163.990005
164.039993
164.380005
164.050003
163.949997
163.25
163.949997
164.970001
166.210007
165.940002
165.399994
164.75
168.279999
167.669998
168.490005
170.369995
170.779999
170.580002
172.149994
172.869995
170.619995
168.460007
168.889999
169.100006
170.380005
169.5
172.240005
169.919998
168.860001
170.5
170.440002
170.589996
170.160004
168.259995
167.990005
167.75
167.179993
167.5
168.929993
166.559998
166.089996
165.050003
164.75
163.690002
164.339996
164.839996
163.179993
163.169998
164.119995
162.330002
162.669998
164.440002
165.020004
166.220001
165.679993
166.119995
165.070007
167.619995
170.009995
170.539993
171.550003
174.539993
175.429993
177.710007
176.479996
176.490005
174.990005
174.050003
174.320007
174.229996
175.539993
175.279999
185.210007
183.649994
184.899994
185.179993
183.699997
182.929993
181.350006
181.800003
181.850006
180.75
178.050003
178.830002
171.479996
172.979996
166.220001
170.610001
162.539993
166.729996
168.199997
172.990005
171.240005
171.479996
163.830002
157.539993
158.979996
164.320007
166.759995
165.580002
169.139999
172.619995
172.509995
171.910004
170.330002
166.979996
165.110001
167.309998
165.25
161.369995
162.419998
163.429993
167.240005
170.089996
172.990005
173.130005
174.720001
173.020004
168.619995
169.339996
174.509995
177.710007
177.550003
179.169998
174.869995
173.289993
174.740005
176.850006
181.690002
182.389999
186.619995
185
186.119995
186.820007
190.529999
186.589996
178.899994
177.389999
177.25
181.630005
182.25
180.360001
181.970001
185.880005
187.449997
184.630005
181.350006
183.919998
187.300003
186.380005
187.320007
187.25
182.240005
183.350006
187.380005
187.350006
188.75
186.619995
185.729996
185.240005
181.479996
181.309998
177.949997
177.059998
182.210007
180.940002
188
189.449997
189.660004
190.839996
192.940002
194.050003
191.580002
194.559998
192.179993
191.149994
188.720001
187.479996
183.570007
182.889999
187.240005
181.470001
182.039993
184.75
184.949997
183.990005
186.179993
183.880005
186.300003
185.539993
184.660004
182.539993
181.589996
181.309998
182.320007
180.550003
179.160004
180
181.070007
180.520004
188.520004
189.979996
191.929993
191.729996
190.979996
190.460007
192.5
192.600006
192.619995
191.529999
193.639999
192.820007
193.350006
192.949997
193.130005
192.419998
192.619995
192.220001
192.25
193.020004
193.419998
193.389999
193.869995
197.610001
197.759995
197.529999
197.979996
196.729996
197.529999
198.809998
200.660004
197.259995
197.770004
199.809998
200.619995
201
203.779999
204.720001
206
206.009995
205.720001
204.25
204.690002
205.490005
205.479996
207.770004
207.179993
207.289993
208.270004
208.649994
209.470001
209.5
206.050003
205.470001
204.940002
202.330002
202.580002
205.320007
202.800003
202.720001
207.449997
200.130005
199.509995
199.600006
198.619995
200
203.570007
205.580002
206.809998
207.080002
208
208.059998
207.240005
204.990005
203.75
201.479996
201.229996
200.600006
201.169998
199.440002
199.039993
199.729996
197.889999
195.880005
197.759995
196.820007
196.119995
196.089996
194.300003
196.460007
194.529999
192.899994
189.080002
188.539993
189.199997
193.990005
194.440002
195.139999
192.509995
194.550003
193.100006
195.100006
199.100006
198.289993
198.929993
198.779999
193.389999
193.699997
192.860001
191.949997
193
191.399994
195.580002
195.830002
195.929993
195.289993
191.410004
189.669998
186.259995
185.25
183.089996
186.009995
184.789993
183.649994
188.25
195.339996
192.449997
190.830002
190.339996
191.080002
193.949997
196.389999
196.679993
195.979996
195.179993
194.449997
198.520004
198.759995
199.929993
199.029999
198.419998
199.289993
199.009995
198.289993
198.399994
200.839996
201.220001
200.5
198.649994
197.25
195.699997
197.770004
195.690002
194.869995
195.080002
193.369995
194.850006
194.539993
195.039993
199.100006
199.5
200.949997
203.270004
203.770004
206.360001
206.809998
207.149994
207.070007
206.429993
206.179993
205.979996
205.289993
204.979996
204
205.910004
207.449997
210.470001
209.839996
210.509995
210.389999
210.589996
209.820007
207.990005
205.820007
205.759995
207.800003
208.929993
211
200.630005
194.960007
193.360001
194.399994
191.25
190.720001
191.600006
193.270004
194.529999
197.149994
193.429993
194.139999
195.070007
191.160004
190.100006
189.639999
189.25
188.320007
185.509995
185.850006
186.940002
190.350006
189.199997
190.289993
193.490005
192.880005
191.229996
191.979996
191.529999
190.070007
189.479996
189.360001
188.649994
189.699997
191.949997
192.619995
194.199997
192.949997
191.990005
191.759995
193.619995
195.690002
195.080002
194.770004
193.419998
192.399994
191.949997
192.710007
189.830002
191.550003
196.350006
195.270004
193.990005
193.139999
192.869995
192.320007
192.880005
194.449997
192.619995
192.5
192.589996
193.649994
194.470001
196.080002
204.720001
204.419998
204.970001
204.929993
203.899994
203.520004
203.070007
205.179993
203.789993
202.789993
201.020004
199.740005
201.679993
200.160004
200.039993
200.089996
199.649994
200.979996
200.320007
199.309998
198.330002
201.089996
197.509995
199.139999
202.330002
200.830002
202.910004
205.190002
206.529999
208.380005
209.419998
210.380005
210.080002
210.550003
212.059998
215.800003
214.919998
213.210007
213.440002
215.059998
212.259995
212.080002
210.740005
212.360001
210.889999
213.300003
212.380005
214.360001
212.660004
211.309998
209.410004
209.320007
209.220001
212
212.919998
211.380005
209.259995
212
209.669998
207.149994
190
187.830002
191.610001
191.710007
193.949997
194.309998
199.149994
202.539993
199.630005
202.389999
204.509995
202.779999
203.630005
204.820007
203.240005
204.470001
202.470001
203.210007
203.320007
204.690002
208.440002
207.600006
208.649994
206.990005
206.160004
205.720001
207.779999
207.919998
209.360001
208.020004
208.949997
206.190002
202.740005
203.800003
206.350006
205.020004
203.979996
201.199997
203.770004
202.199997
203.039993
204.869995
201.940002
197.350006
195.460007
193.539993
194.979996
194.860001
195.649994
191.110001
191.279999
191.5
193.25
194.929993
194.979996
191.300003
192.25
192.800003
192.070007
194
193.850006
194.550003
197.990005
193.539993
194.089996
194.979996
196.610001
197.220001
197.350006
196.210007
196.009995
195.039993
195.809998
195.160004
195.5
190.990005
188.559998
187.929993
187.820007
189.089996
188.419998
187.529999
185.789993
185.339996
184.229996
184.559998
184.860001
185.190002
185.419998
184.740005
182.740005
182.160004
182.639999
182.270004
183.960007
183.130005
184.149994
183.029999
184.979996
186.600006
190.699997
190.729996
192.169998
193.149994
192.160004
194.419998
193.389999
190.020004
190.990005
189.970001
189.470001
190.220001
186.919998
185.179993
186.380005
184.960007
183.860001
184.100006
182.009995
178.720001
181.320007
184.770004
186.160004
186.970001
184.660004
186.729996
174.830002
173.779999
172.860001
174.970001
175.770004
177.800003
176.850006
177.350006
182.119995
180.149994
179.210007
179.229996
180.270004
177.850006
179.190002
180
179.990005
182.880005
183.070007
183.550003
182.210007
183.190002
184.470001
185.25
185.190002
184.130005
181.300003
178.940002
177.309998
178.970001
179.679993
177.479996
176.080002
175.740005
176.080002
177.669998
177.460007
177.119995
175.199997
173.369995
172.800003
177.850006
175.759995
178.699997
180.220001
180.020004
182.229996
183.220001
185.350006
185.080002
186.410004
187.570007
185.529999
186.639999
186
189.710007
187.970001
187.380005
187.259995
184.160004
185.919998
187.740005
188.759995
190.089996
188.429993
182.25
182.729996
179.639999
177.899994
176.850006
176.399994
177.360001
176.679993
172.899994
172.839996
174.240005
174.669998
177.25
177.139999
179.699997
180.240005
181.839996
183.690002
183.190002
182.949997
184.259995
182.789993
183.449997
183.229996
184.059998
185.270004
185.169998
184.259995
186.440002
187.139999
187.639999
187.679993
186.389999
186.759995
186.220001
183.899994
182.210007
185.809998
186.809998
184.710007
187.899994
186.669998
188.25
195.039993
192.619995
189.830002
190.449997
192.490005
194.5
193.550003
192.690002
191.770004
194.520004
193.289993
196.639999
195.679993
195.190002
197.770004
197.020004
196.399994
190.009995
192.270004
192.149994
191.729996
190.220001
189.630005
193.139999
195.110001
196.470001
193.529999
191.440002
191.259995
190.029999
189.300003
188.910004
190.080002
192.570007
192.190002
188.720001
186.460007
187.059998
187
184.889999
186.389999
185.679993
185.940002
184.779999
183.080002
183.759995
184.360001
185.690002
184.369995
184.509995
185.979996
186.369995
186.220001
184.289993
182.25
181.220001
182.559998
182.350006
182.259995
183.600006
182.820007
181.550003
182.139999
180.880005
180.720001
180.369995
181.710007
181.270004
186.350006
188.389999
188.529999
188.039993
187.220001
188.419998
187.699997
188
189.860001
188.490005
192.360001
192.490005
192.5
190.850006
194.089996
193.630005
195.240005
194.399994
195.779999
194.570007
194
191.669998
189.149994
189.639999
187.100006
185.970001
184.300003
186.630005
187.470001
187.339996
187.949997
187.880005
187.380005
189.360001
190.070007
190.100006
191.229996
190.410004
191.160004
192.990005
192.25
192
192.300003
191.559998
191.949997
190.679993
191.199997
190.139999
189.990005
191.539993
191.720001
191.279999
191.809998
192.960007
192.800003
193.75
194
193.110001
191.619995
192.309998
189.009995
190.059998
189.639999
189.830002
187.169998
186.910004
188.669998
189.039993
185.710007
189.360001
186.419998
185.929993
183.520004
183.800003
181.75
179.839996
182.050003
169.100006
163.229996
161.789993
162.179993
162.080002
161.869995
163.600006
163.460007
164.350006
164.399994
164.360001
162.649994
161.820007
161.460007
162.070007
163.490005
163.300003
161.919998
162.789993
164.160004
164.160004
161.889999
161.429993
160.639999
160.919998
162.149994
161.759995
161.949997
162.169998
161.539993
162.669998
164.520004
164.050003
163.270004
161.860001
162.990005
160.509995
161.070007
155.380005
153.059998
151.410004
151.929993
157.679993
158.509995
161.440002
162.240005
161.820007
162.339996
160.509995
160.050003
160.440002
162.059998
159.509995
156.070007
155.050003
158.419998
159.110001
156.440002
156.809998
155.800003
154.570007
157.139999
156.949997
152.089996
155.389999
155.869995
156.360001
153.669998
151.550003
155.479996
153.309998
154.660004
158.470001
156.960007
157.910004
156.720001
155.75
158.559998
158.199997
158.520004
160.399994
160.960007
162.190002
163.889999
163.649994
162.910004
164.830002
162.809998
160.869995
161.940002
160.479996
161.029999
159.419998
161.179993
158.5
160.770004
157.809998
156.800003
157.979996
154.279999
157.080002
156.960007
159.809998
159.809998
162.880005
164.630005
163
159.199997
160.589996
160.399994
162.669998
160.5
159.179993
160.449997
162.039993
162.070007
161.850006
162.339996
162.860001
162.380005
162.300003
164.130005
163.130005
160.669998
166.160004
164.259995
165.360001
170.240005
169.779999
170.729996
173.919998
174.399994
171.289993
173.669998
173.970001
173.080002
170.050003
170.990005
172.679993
171.119995
170.550003
172.279999
174.050003
173.259995
173.059998
173.479996
173.759995
173.339996
172.220001
170.130005
172
171.710007
169.649994
170.179993
169.649994
169.919998
168.380005
167.399994
165.339996
165.679993
168.919998
168.779999
166.990005
166.259995
166.839996
167.169998
168.25
166.990005
167.729996
168.619995
166.970001
166.080002
165.460007
162.970001
162.660004
164.490005
165.089996
164.729996
165
163.160004
163.850006
166.949997
169.380005
168.610001
168.529999
171
172.509995
173.220001
163.070007
160.350006
161.729996
159.75
159.070007
160.050003
161.089996
160.960007
161.990005
158.710007
157.600006
157.899994
156.320007
155.119995
156.75
155.509995
156.160004
155.070007
155.75
156.309998
156.009995
153.940002
152.660004
148.850006
143.470001
140.960007
146.699997
148.539993
147.979996
147.889999
142.679993
145.050003
146.779999
143.699997
147.229996
145.050003
146.199997
147.369995
145.649994
147.529999
148.410004
148.139999
144.509995
146.479996
144.429993
143.660004
144.410004
145.419998
142.520004
142.470001
144.970001
143.589996
144.580002
149.039993
148.779999
150.089996
152.279999
152.389999
151.139999
149.619995
150.009995
150.089996
150.389999
149.220001
140.639999
140.919998
144.089996
144.679993
143.660004
137.860001
140.830002
140.550003
140.080002
140.369995
141.880005
141.630005
139.889999
138.25
135.309998
135.470001
135.020004
133.039993
131.75
133.710007
133.820007
135.820007
136.740005
138.5
138.460007
138.600006
138
138.460007
139.419998
141.279999
139.699997
138.919998
140.429993
139.550003
138.050003
136.610001
136.779999
134.570007
135.929993
137.789993
139.289993
136.75
134.899994
135.5
137.929993
138.539993
138.25
137.610001
139.779999
139.339996
137.619995
135.949997
135.850006
135.169998
132.860001
131.630005
133.229996
132.899994
131.169998
132.910004
130.029999
128.110001
121.860001
122.910004
122.5
122.080002
122.589996
120.959999
122.220001
124.790001
124.830002
122.940002
124.720001
127.650002
128.570007
126.980003
124.07
120.190002
117.849998
121.040001
122.739998
126.099998
132.449997
133.080002
133.770004
132.399994
132.800003
134.5
132.029999
131.029999
134.369995
136.300003
137.800003
137.800003
140.149994
139.070007
140.410004
140.190002
142.360001
142.779999
142.960007
144.789993
147.039993
147.089996
148.630005
148.100006
145.399994
147.949997
148.399994
149.330002
148.410004
151.449997
152.520004
152.070007
150
150.020004
148.25
149.350006
149.25
149.630005
151.229996
151.160004
151.720001
152.529999
144
146.110001
149.300003
148.5
148.809998
149.080002
150.470001
147.070007
145.940002
145.270004
144.130005
144.25
146.470001
147.289993
147.339996
149.970001
148.949997
148.839996
147.720001
149.460007
148
147.339996
144.929993
147.25
146.770004
148.309998
151.690002
152.440002
152.839996
153.740005
152.509995
153.5
152.889999
152.729996
153.330002
154
153.419998
152.369995
151.279999
151.059998
150.679993
151.059998
151.990005
153.610001
154.050003
152.919998
155.350006
146.589996
143.5
145.699997
148.460007
151.779999
152.350006
151.679993
152.369995
152.600006
154.460007
155.330002
157.039993
158.020004
160.279999
159.779999
159.860001
159.580002
161.360001
160.449997
162.070007
162.649994
162.119995
161.830002
161.369995
160.619995
161.449997
160.580002
160.669998
161.550003
163.5
162.039993
161.770004
162.080002
163.529999
161.949997
161.880005
160.699997
160.440002
161.360001
160.039993
160
160.259995
159.050003
158.630005
158.320007
159.720001
159.399994
158.880005
159.539993
159.550003
160.350006
161.639999
159
155.690002
158.289993
155.809998
154.050003
155.660004
153.839996
154.869995
154.449997
155.529999
156.110001
154.979996
153.979996
156.770004
158.289993
158.110001
158.850006
157.610001
156.460007
157.080002
156.880005
155.669998
157.020004
154.789993
154.289993
153.720001
154.449997
154.770004
150.720001
151.259995
151.520004
149.630005
150.570007
150.880005
151.809998
153.350006
152.610001
153.690002
152.789993
151.949997
152.369995
152.429993
155.720001
155.169998
154.809998
160.220001
161.270004
158.210007
158.669998
159.289993
159.800003
160.389999
162.770004
162.669998
161.979996
163.139999
164.520004
163.529999
162.220001
159.820007
160.020004
159.839996
160.350006
164.789993
165.360001
166.520004
165.5
168.289993
168.509995
168.020004
166.729996
166.679993
167.600006
167.330002
167.059998
166.710007
167.139999
166.190002
166.600006
165.990005
167.190002
169.259995
168.699997
169.529999
167.649994
165.520004
167.75
167.949997
167.339996
167.889999
166.800003
166.809998
170.550003
171.029999
175.899994
178.289993
178.660004
177.300003
175.800003
174.520004
174.289993
174.580002
175.820007
175.860001
178.460007
176.169998
177.210007
178.679993
179.360001
180.130005
181.679993
181.429993
180.669998
180.259995
181.149994
181.649994
181.350006
179.399994
179.820007
181.949997
180.529999
180.050003
180.470001
180.380005
179.449997
177.179993
177.830002
176.460007
175.720001
175.809998
177.240005
175.649994
175.699997
173.880005
174.779999
174.820007
173.830002
173.770004
174.509995
173.940002
173.860001
174.139999
174.5
174.520004
172.880005
172.449997
172.139999
171.199997
170.580002
170.660004
169.529999
171.100006
170.050003
161.690002
162.300003
160.380005
160.75
160.389999
160.059998
160.320007
160.289993
158.839996
159.100006
158.630005
159.050003
155.050003
153.029999
152.110001
151.25
150.649994
150.369995
151.509995
153.679993
150.929993
150.779999
151.979996
152.639999
152.029999
152.509995
153.199997
152.490005
151.729996
152.630005
152.669998
152.050003
152.410004
152.369995
150.979996
152.100006
154.100006
155.179993
154.25
153.809998
154.220001
155.380005
154.839996
154.949997
153.789993
154.399994
154.110001
155.229996
154.75
155.320007
154.130005
153.830002
155.580002
153.669998
152.360001
152.940002
153.419998
153.190002
153.699997
153.630005
154.240005
153.009995
154
147.529999
147.660004
147.080002
145.990005
146.190002
145.360001
145.070007
144.289993
144.669998
145.300003
144.449997
144.940002
145.160004
143.470001
142.110001
141.770004
141.839996
141.839996
142.320007
142.070007
142.5
140.699997
139.699997
140.330002
141.009995
142.139999
142.940002
143.740005
142.509995
143.139999
142.559998
143.029999
144.080002
143.039993
143.820007
142.899994
142.449997
144.860001
145.759995
145.990005
145.539993
144.820007
144.550003
144.389999
145.880005
145.259995
145.130005
145.869995
146.559998
145.660004
145.660004
145.080002
146.660004
146.779999
146.479996
146.720001
146.479996
147.389999
148.5
147.619995
147.029999
147.100006
146.830002
146.539993
159.529999
160.899994
162.070007
159.550003
155.880005
153.5
153.600006
153.679993
154.360001
154.059998
154.029999
153.350006
151.580002
150.839996
151.350006
151.570007
150.300003
149.160004
148.399994
148.889999
147.100006
149.119995
148.970001
150.509995
151.949997
151.770004
151.839996
151.979996
152.470001
153.550003
153.970001
154.759995
156.460007
155.350006
154.100006
153.570007
154.809998
155.410004
156.740005
153.910004
154
152.5
153.330002
153.229996
152.949997
151.5
152.5
152.830002
153.130005
154.039993
153.419998
154.25
158.490005
161.699997
162.490005
163.470001
163.830002
164.179993
164.199997
163.139999
163.850006
168.649994
169.119995
162.369995
162.600006
166.25
165.369995
165.470001
167.339996
166.800003
163.619995
163.699997
162.399994
159.029999
152.529999
155.339996
153.850006
147.589996
149.509995
151.399994
150.75
154.759995
156.009995
156.179993
155.160004
153.960007
153.179993
155.520004
158.580002
156.550003
155.830002
153.809998
154.490005
156.949997
155.720001
158.320007
156.210007
159.309998
160.259995
159.320007
158.119995
159.610001
160.259995
157.350006
156.199997
156.690002
152.089996
148.889999
153.369995
151.910004
152.520004
153.429993
150.070007
149.850006
154.119995
154.029999
150.570007
152.690002
155.389999
155.360001
158.070007
156.710007
157.889999
160.910004
148.789993
147.699997
144.899994
145.860001
145.559998
145.940002
146.720001
146.479996
144.960007
145
142.449997
141.990005
143.910004
143.220001
143
142.610001
144.240005
144.139999
144.300003
143.740005
144.630005
144.5
144.080002
145.490005
145.089996
144.669998
144.070007
143.639999
141.220001
142.619995
141.309998
141.949997
143.039993
143.699997
144.710007
145.360001
146.139999
146.580002
146.869995
146.350006
145.199997
145.389999
144.479996
143.899994
142.630005
141.25
141.279999
138.789993
139.080002
137.479996
140.039993
139.699997
139.860001
139.570007
141.429993
142.479996
144.389999
144.710007
144.940002
146.449997
145.899994
145.460007
143.490005
144.520004
149.240005
146.350006
145.699997
146.380005
146.619995
146.710007
145.149994
145.490005
144.929993
143.5
142.960007
147.699997
146.029999
147.009995
146.889999
144.770004
144.479996
142.710007
143.360001
143.910004
145.339996
146.059998
146.509995
145.970001
145.240005
145.369995
146.039993
146.690002
146.589996
147.539993
145.929993
146.479996
145.679993
146.660004
146.389999
145.449997
145.649994
146.490005
146.570007
148.949997
148.330002
147.940002
148.559998
149.059998
151.149994
151.350006
150.029999
148.910004
151.610001
151.5
151.210007
153
153.75
153.220001
151.309998
149.029999
148.389999
147.240005
142.690002
139.020004
140.850006
141.130005
145.119995
134.050003
130.550003
129.100006
130.020004
131.210007
127.209999
126.449997
124.790001
119.639999
115.400002
115.43
116.830002
115.669998
120.059998
123.120003
124.839996
123.379997
123.540001
120.900002
120.839996
120.199997
121.440002
121.57
120.309998
117.199997
118.57
117.190002
119.559998
120.029999
123
121.480003
124.269997
125.309998
121.599998
123.910004
119.339996
121.129997
120.889999
121.160004
120.730003
119.900002
116.099998
116.650002
116.43
113.019997
110.940002
107.57
111.389999
113.779999
113.029999
113.669998
115.209999
112.910004
117.32
118.150002
119.830002
120.690002
121.790001
121.459999
120.389999
121.730003
121.620003
122.190002
123.82
122.519997
132.889999
132.529999
133.970001
134.270004
134.330002
134.380005
134.419998
134.100006
135.190002
135.550003
136.320007
133.190002
133.710007
133.990005
136.050003
137.520004
136.479996
138.029999
138.699997
138
137.839996
139.25
139.460007
139.720001
139.169998
138.130005
139.199997
138.429993
137.880005
136.979996
135.360001
135.089996
137.710007
138.279999
138.559998
138.789993
139.429993
140.210007
140.490005
139.600006
141.440002
139.449997
139.179993
140.220001
139.240005
139.919998
141.100006
143.300003
143
143.630005
142.779999
143.279999
143.389999
142.110001
143.020004
143.779999
144.350006
143.899994
145.139999
139.110001
140.330002
