29.690001
32.529999
31.9
33.209999
33.380001
32.779999
32.790001
34.48
33
32.490002
35.790001
34.82
37.220001
35.240002
38.939999
35.830002
35.360001
34.049999
35.540001
34.91
37.259998
35.810001
34.549999
34.900002
34.41
36.540001
34.66
36.650002
36.900002
36.110001
34.5
33.98
35.349998
34.549999
35.389999
35.259998
34.84
34.939999
35.130001
34
33.5
32.73
34.169998
35
32.869999
33.57
33.459999
34.139999
34.450001
34.599998
34.110001
33.77
32.27
32.599998
32.810001
32.709999
33.619999
32.34
34.709999
34.700001
36.259998
36.130001
36.889999
36.98
36.939999
36.830002
38.150002
37.919998
38.130001
38.080002
37.77
38.470001
38.650002
39.599998
40.209999
41.779999
40.75
42.360001
42.689999
41.240002
42.209999
42.900002
42.450001
40.73
41.700001
41.41
42.419998
43.66
43.009998
43.580002
43.299999
43.450001
42.919998
43.459999
41.669998
40.860001
42.110001
42.34
42.540001
42.860001
43.02
42.5
43.75
43.189999
44.650002
44.959999
44.950001
44.549999
46.470001
45.060001
44.369999
43.650002
44.810001
44.880001
43.82
41.369999
41.860001
43.799999
44.91
45.700001
45.299999
45.849998
46.080002
45.66
47.16
47.16
46.060001
45.98
46.029999
44.650002
45.709999
45.23
43.82
43.900002
42.68
44.349998
41.77
42.580002
42.700001
42.209999
43.869999
43.48
44.349998
44.169998
44.32
43.299999
42.900002
43.040001
43.16
43.380001
42.549999
42.459999
43.279999
42.48
42.16
41.330002
42.490002
42.220001
41.93
41.400002
41.740002
41.25
41.209999
41.189999
41.27
40.959999
41.77
40.860001
41.360001
40.27
40.950001
41.900002
41.939999
41.560001
41.889999
41.720001
41.490002
41.529999
41.669998
42.849998
43.68
43.919998
44.790001
44.68
44.529999
43.490002
44.25
44.689999
43.68
43.279999
43.400002
40.540001
39.16
39.209999
38.439999
39.330002
39.48
38.939999
39.630001
40.549999
40.290001
38.349998
38.299999
37.700001
38.389999
38.869999
39.02
38.950001
40.07
40.040001
40.41
40.029999
40.849998
39.880001
40.849998
40.639999
41.970001
41.830002
41.619999
41.529999
41.919998
42.810001
42.59
42.419998
42.93
43.18
43.150002
43.07
43.240002
43.790001
43.639999
43.450001
43.740002
44.580002
44.939999
44.939999
45.02
44.860001
44.580002
44.75
45.18
45.34
45.84
45.32
45.759998
45.98
46.139999
45.869999
47.73
47.810001
45.549999
45.389999
45.880001
45.349998
44.740002
44.939999
43.889999
42.41
43.459999
44
42.580002
43.529999
42.470001
42.630001
40.810001
40.759998
41.950001
41.549999
41.689999
40.810001
39.889999
39.84
39.02
39.380001
37.830002
40.049999
38.619999
38.939999
38.779999
40.419998
39.580002
38.540001
39.549999
39.099998
37.619999
36.720001
37.779999
37.119999
38.290001
38.09
37.330002
38.25
38.52
38.439999
39.18
38.869999
38.330002
38.889999
38.029999
39.439999
38.540001
37.060001
36.610001
36.080002
35.830002
36.330002
38.150002
38.16
38.849998
39.189999
40.48
40.349998
40.459999
39
39.040001
39.630001
38.419998
39.349998
39.830002
40.330002
40.689999
40.32
40.209999
40.279999
41.639999
41.080002
41.290001
41.27
40.439999
39.82
39.169998
37.77
37.810001
37.5
37.689999
37.48
37.889999
37.07
37.139999
36.880001
36.209999
36.23
35.630001
36.599998
35.849998
36.360001
37.740002
38.16
39.169998
38.279999
39.119999
40.099998
39.759998
41.119999
40.720001
40.98
40.990002
40.060001
41.189999
40.59
39.939999
39.099998
39.75
39.080002
38.950001
38.41
38.060001
38.810001
38.950001
39.639999
39.900002
39.52
39.310001
39.73
40.400002
39.84
38.720001
37.150002
38.200001
37.689999
38.099998
37.700001
37.700001
37.07
37.200001
37.540001
37.509998
37.630001
37.419998
36.959999
37.720001
39.799999
40.939999
40.509998
39.900002
40.619999
40.02
39.610001
40.080002
39.610001
39.18
39.66
39.41
38.509998
37.630001
38.16
37.5
37.91
37.400002
38.150002
39.310001
39.610001
39.900002
39.25
40.259998
40.810001
41.43
41.509998
40.790001
40.209999
40.009998
39.669998
39.950001
41
42.16
42.080002
42.669998
42.610001
42.360001
42.23
42.419998
43.580002
44.16
44.700001
44.48
43.639999
43.400002
43.599998
44.709999
44.450001
44.91
44.75
43.709999
44.75
45.290001
45.02
44.869999
44.98
45.099998
44.540001
44.939999
45.93
45.450001
45.459999
44.59
45.5
45.740002
45.110001
45.529999
46.57
46.540001
46.82
47.939999
47.82
48
46.009998
45.959999
45.91
46.68
46.689999
45.599998
45.209999
46.080002
45.52
45.189999
46.400002
46.560001
45.529999
45.740002
45.299999
44.610001
43.810001
44.560001
45.740002
45.630001
45.470001
45.599998
45.73
45.860001
45.959999
46.02
46.450001
46.099998
46.349998
46.34
46.580002
47.639999
47.400002
46.84
46.860001
46.639999
46.25
44.970001
44.889999
43.959999
44.650002
44.560001
44.68
44.610001
45.119999
45.5
45.849998
45.630001
45.18
45.919998
45.5
45.169998
45.040001
44.959999
45.16
44.23
44.09
43.150002
42.880001
43.810001
44.080002
44
43.130001
42.549999
42.34
42.27
42.450001
42.790001
43.240002
41.759998
41.610001
41.57
40.529999
40.720001
40.389999
40.98
41.049999
41.669998
41.610001
40.68
40.360001
40.799999
40.48
40.91
40.689999
40.07
39.490002
39.880001
39.540001
40.450001
40.939999
41.580002
41.029999
40.560001
41.32
40.740002
39.43
39.389999
39.619999
40.349998
39.98
39.830002
40.389999
40.959999
42.290001
42.189999
41.689999
41.439999
40.669998
40.68
40.450001
40.439999
39.84
39.900002
37.919998
37.599998
34.060001
36.400002
34.369999
36.689999
35.91
36.880001
36.029999
36.57
35.189999
34.349998
33.41
34.779999
35.830002
35.720001
36.209999
37.639999
37.060001
37.560001
36.299999
34.630001
33.439999
34.82
33.509998
32.080002
32.419998
32.490002
32.799999
33.810001
33.43
32.490002
32.25
30.34
29.27
29.59
31.65
31.57
30.469999
31.389999
30.120001
28.65
30.26
30.84
32.380001
30.700001
32.299999
32.299999
33.200001
31.6
31.889999
31.040001
32.869999
32.25
33.130001
33.419998
34.57
33.490002
34.18
37.02
36.689999
34.759998
32.709999
33.639999
34.380001
33.970001
34.240002
35.02
32.540001
32.740002
33.279999
32.549999
32.700001
31.469999
30.49
30.620001
29.91
29.41
28.379999
28.48
29.16
28.559999
30.969999
30.459999
32.330002
33.509998
33.23
34
32.220001
33.18
32.040001
31.290001
31.51
31.76
31.889999
30.700001
32.209999
32.32
33.450001
33.57
33.029999
32.650002
33.419998
33.25
34.98
34.950001
35.68
35.360001
35.299999
36.049999
36.66
36.849998
35.919998
34.91
36.540001
36.93
37.360001
37.66
37.66
37.599998
37.490002
37.209999
37.009998
37.299999
37.599998
37.549999
38.279999
38.139999
37.869999
38.299999
37.860001
37.610001
38.299999
37.919998
37.400002
38
38.470001
38.459999
38.07
38.490002
38.279999
39.060001
39.209999
39.240002
40.369999
40.630001
40.400002
39.32
39.950001
40.439999
41.029999
40.540001
43.389999
43.580002
44.700001
44.57
45
45.380001
45.119999
44.650002
45.16
46.169998
45.889999
46.27
45.669998
45.98
46.130001
45.419998
44.41
44.34
43.889999
42.959999
44.009998
44.84
43.209999
43.330002
43.900002
43.290001
43.220001
42.720001
42.849998
43.279999
43.16
43.799999
43.34
42.98
43.790001
43.200001
43.009998
41.75
41.779999
41.380001
40.639999
40.740002
36.959999
35.790001
36.240002
35.459999
33.93
33.490002
32.509998
34.009998
34.259998
33.970001
33.5
33.630001
32.959999
33.150002
31.93
31
31.99
33.07
32.810001
33.68
32.82
33.77
34.299999
34.650002
35.029999
34.619999
35.380001
36.450001
35.509998
35.990002
35.32
35.709999
36.779999
35.880001
35.73
36.279999
35.880001
34.380001
33.900002
33.959999
34.25
34.59
34.040001
36.07
35.09
34.990002
34.959999
34.459999
33.900002
34.439999
34.73
35.169998
35.810001
36.889999
36.139999
36
36
35.169998
36.09
36.299999
37.009998
37.16
36.919998
36.970001
36.990002
37.099998
37.07
37.099998
36.98
37.369999
38.040001
37.830002
37.23
37.169998
37.23
37.130001
37.299999
36.900002
37.139999
37.009998
37.110001
38.689999
39.299999
38.759998
39.599998
39.919998
41.400002
41.57
41.189999
41.259998
41.34
41.25
40.880001
41.23
40.549999
40.240002
40.68
40.48
40.970001
40.919998
40.860001
41.82
41.709999
41.66
41.380001
41.77
42.099998
41.619999
42.380001
42.830002
43.32
43.009998
42.32
42.09
41.330002
41.709999
41.669998
41.16
41.68
42.84
42.419998
42.27
42.880001
40.48
40.400002
40.619999
40.580002
40.040001
39.290001
39.389999
39.529999
40.59
40.700001
40.73
41.09
40.880001
40.75
40.830002
41.220001
41.080002
40.810001
40.57
41.200001
41.470001
42.560001
42.310001
42.639999
42.77
42.779999
42.810001
43.48
43.869999
43.529999
44.529999
44
43.919998
43.959999
43.630001
43.240002
43.970001
44.66
44.57
45.360001
45.41
45.5
45.470001
46.150002
46.139999
45.880001
46.349998
46.82
46.439999
46.459999
46.540001
46.23
46.369999
47.16
46.639999
47.119999
47.130001
47.049999
47.849998
47.68
48.790001
48.610001
48.23
48.630001
48.66
49.139999
48.68
49.220001
48.880001
49.450001
48.610001
48.25
48.91
47.700001
47.599998
49.279999
48.919998
48.91
49.099998
49.490002
50.029999
50.630001
50.200001
50.48
50.279999
50.16
51
50.02
49.509998
49.200001
49.119999
48.349998
48.779999
48.52
48.639999
47.77
47.459999
47.830002
48.279999
46.849998
47.490002
47.91
48.580002
48.68
49.25
49.310001
49.009998
47.93
48.490002
46.790001
46.639999
47.23
47.349998
48.169998
48.720001
49
48.880001
48.919998
49.009998
48.009998
48.080002
47.57
48.18
49.139999
49.759998
49.040001
48.959999
49.669998
50.23
51.09
50.970001
52.299999
52.290001
53.02
53.630001
53.349998
53.66
54.599998
54.669998
55.619999
54.59
54.490002
54.040001
53.029999
53.5
54.27
54.360001
53.490002
53.18
54.169998
53.130001
53.849998
54.110001
53.549999
52.48
51.959999
50.919998
52.080002
52.5
53.150002
52.790001
52.490002
52.799999
52.77
53.990002
54.700001
54.889999
54.830002
55.139999
54.970001
54.889999
55.009998
55.27
56.369999
56.16
56.560001
56.669998
56.630001
56.5
56.049999
55.689999
55.330002
55.73
56.540001
56.490002
56.099998
55.490002
55.299999
54.830002
54.52
54.09
54.290001
54.150002
53.290001
53.290001
51.830002
52.119999
51.630001
52.209999
52.32
51.799999
50.599998
50.580002
50.700001
50.529999
51.130001
51.869999
52.110001
52.560001
52.860001
53.669998
53.259998
52.240002
52.59
53.139999
53.09
53.41
52.75
52.799999
51.459999
50.32
51.700001
51.889999
52.240002
51.689999
51.959999
52.09
51.939999
52.669998
51.830002
50.869999
50.75
52.52
52.509998
52.709999
52.310001
54
54.209999
54.299999
54.27
53.619999
52.75
52.48
52.77
52.68
52.73
52.599998
51.540001
52.509998
52.040001
51.950001
52.099998
51.650002
53.959999
54.099998
53.970001
54.139999
54.400002
54.869999
55.740002
56.150002
56.099998
57.220001
57.459999
57.650002
57.169998
57.48
57.220001
56.98
56.860001
57.189999
55.82
56.060001
56.509998
56.700001
56.07
56.310001
56.169998
56.419998
55.720001
57.240002
57.23
57.700001
58.240002
58.25
58.200001
58.139999
57.950001
58.48
58.209999
58.66
59
58.32
58.869999
58.759998
58.490002
57.700001
57.740002
59.490002
58.990002
58.110001
58.169998
57.59
56.470001
55.09
55.09
55.740002
55.529999
56
55.360001
54.310001
54.950001
55.209999
56.48
56.619999
56.740002
57.43
57.52
58.029999
58.150002
58.490002
57.259998
57.580002
57.610001
58.029999
57.029999
56.75
56.689999
56.82
56.209999
57.259998
58.16
58.900002
59.400002
59.200001
58.189999
57.919998
57.419998
56.799999
57.580002
58.060001
58.299999
60.110001
60.169998
61.07
60.93
59.900002
59.919998
60.040001
60.709999
60.669998
60.48
60.66
59.810001
59
58.849998
59.27
57.400002
55.299999
54.959999
54.799999
55.259998
55.220001
55.029999
55.810001
56.049999
56.189999
55.700001
55.490002
56.099998
55.98
55.720001
55.580002
54.220001
53.34
54.049999
54.360001
54.009998
54.650002
54.619999
54.360001
53.509998
53.310001
53.830002
53.720001
54.119999
54.549999
54.529999
55.139999
55.450001
55.720001
55.57
55.349998
55.599998
55.68
56.630001
56.970001
57.419998
57.900002
57.27
57.040001
57.040001
56.869999
57.419998
57.779999
57.299999
57.549999
58.189999
57.419998
57.529999
57.389999
57.529999
57.619999
57.57
56.970001
57.049999
56.669998
55.759998
56.02
55.560001
55.799999
56.290001
58.27
58.709999
57.860001
58.23
58.240002
58.669998
59
59.169998
59.009998
59.189999
58.639999
58.91
57.669998
56.48
56.650002
56.060001
56.23
55.91
56.34
56.32
56.349998
56.720001
56.98
56.75
57.23
57.560001
57.639999
58.5
58.490002
59.34
59.740002
59.59
59.16
59.450001
59.669998
59.700001
59.709999
59.91
59.889999
59.060001
59.220001
59.759998
60.029999
59.939999
59.990002
60.310001
61.32
61.110001
60.91
60.939999
61.630001
60.150002
60.560001
60.330002
60.240002
59.77
58.84
60.299999
60.18
59.27
60.400002
59.080002
58.52
58.16
57.990002
55.529999
55.080002
56.200001
56.630001
57.93
57.450001
58.060001
58.740002
58.639999
59.630001
59.290001
59.389999
60.48
60.880001
60.25
61.150002
61.23
61.470001
61.93
61.369999
60.560001
60.23
60.279999
60.380001
60.529999
60.599998
60.119999
60.450001
60.959999
60.299999
60.34
60.16
60
61.080002
61.540001
61.380001
62.700001
62.669998
62.450001
60.68
61.139999
60.040001
59.16
58.43
59.77
61.48
61.93
61.939999
62.48
62.48
62.549999
62.959999
63.150002
62.580002
62.490002
60.549999
58.98
59.07
60.389999
59.34
58.830002
58.84
56.810001
54.990002
55.93
55.709999
55.889999
57.59
56.68
56.77
56.200001
54.75
55.669998
54.380001
55.470001
56.720001
56.380001
56.77
57.889999
57.82
58.459999
58.369999
59.57
59.669998
60.099998
59.369999
59.23
59.799999
59.349998
60.82
61.139999
61.580002
61.279999
61.77
61.970001
62.130001
62
60.889999
61.5
59.959999
60.240002
61.369999
61
61.849998
61.610001
61.75
61.200001
61.75
61.139999
60.459999
59.610001
59.540001
59.549999
60.959999
60.580002
59.950001
60.52
60.470001
60.849998
61.049999
61.470001
61.700001
62.07
63.040001
64.209999
63.810001
62.84
63.240002
62.310001
62.939999
62.799999
62.599998
62.34
62.759998
63.599998
63.259998
63.610001
64.720001
64.400002
63.919998
64.5
65.489998
65.449997
65.360001
65.519997
66.050003
65.879997
66.419998
67.010002
66.480003
66.650002
66.470001
65.730003
66.470001
66.199997
65.779999
66.080002
66.019997
66.699997
66.330002
67.419998
66.889999
67.18
68.260002
68.519997
68.25
67.989998
68.370003
68.139999
68.779999
68.080002
68.959999
69.75
69.019997
68.650002
68.949997
67.199997
67.760002
68.07
67.519997
67.330002
66.800003
65.43
66.110001
67.050003
68.089996
69.040001
69.190002
69.559998
69.209999
69.260002
69.099998
70.080002
69.639999
68.910004
68.010002
68.050003
68.940002
69.040001
68.529999
68.529999
68.459999
68.730003
68.25
68.050003
68.889999
68.230003
67.239998
67.550003
67.889999
68.07
68.209999
67.599998
65.940002
63.599998
60.25
59.91
62.91
64.480003
64.129997
64.099998
61.450001
62.57
62.68
61.5
63.16
62.18
62.66
62.560001
62.380001
63.580002
64.139999
62.650002
60.939999
61.450001
60.91
60.639999
60.220001
61.470001
59.98
59.84
60.970001
61.419998
60.810001
62.02
62.049999
62.130001
62.130001
61.93
61.720001
61.549999
59.990002
61.889999
62.43
62.220001
62.52
62.060001
63.189999
63.869999
63.900002
63.639999
65.5
65.209999
64.25
65.540001
65.779999
65.849998
66.440002
68.459999
67.389999
67.68
67.349998
66
65.559998
66.510002
66.129997
67.449997
67.660004
67.540001
66.879997
66.779999
66.860001
67.169998
66.68
67.610001
66.660004
65.800003
67.889999
67
65.959999
65.459999
65.610001
64.07
64.269997
66.099998
67.529999
66.279999
64.400002
65.540001
65.68
66.730003
66.599998
66.379997
67.07
66.589996
66.029999
63.619999
63.73
62.810001
60.27
58.919998
58.830002
58.959999
57.34
58.200001
57.040001
57.009998
55.509998
55.25
56.950001
55.66
57.080002
57.040001
57.279999
59.5
58.860001
57.029999
57.41
58.400002
57.75
56.540001
56.200001
55.52
53.07
57.490002
58.349998
58.77
57.810001
57.82
58.57
56.119999
56.139999
57.009998
57.540001
56.299999
59.200001
59.759998
59.959999
60.049999
59.939999
58.779999
59.119999
58.610001
59.34
59.119999
59.200001
58.919998
58.75
60.48
60.459999
60.240002
59.939999
59.48
59.400002
59.029999
59.709999
59.220001
59.869999
59.200001
58.360001
58.810001
57.32
57.740002
58.200001
59.279999
61.790001
62.59
61.869999
62.27
63.32
64.239998
63.599998
63.970001
63.599998
63.93
64.110001
63.599998
63.200001
63.790001
62.560001
61.57
61.240002
61.599998
61.209999
62.040001
61.810001
61.77
61.200001
61.66
61.66
64.040001
63.389999
63.509998
63.459999
64.540001
65.519997
65.029999
65.43
65.269997
65.690002
65.809998
64.639999
65.279999
65.059998
65.25
64.75
63.84
63.27
62.080002
61.970001
62.220001
62.279999
62.369999
62.950001
62.709999
64.050003
59.599998
57.610001
59.52
61.200001
62.139999
61.259998
59.549999
60.189999
60.580002
61.830002
62.27
63.200001
63.16
64.120003
64.18
63.959999
63.860001
63.93
63.689999
64.040001
63.869999
64.129997
64.330002
64.099998
63.970001
63.799999
63.650002
64.660004
64.559998
66.300003
66.099998
65.870003
65.279999
65.459999
65.32
65.720001
65.709999
65.889999
65.949997
65.860001
65.800003
65.769997
65.949997
66.07
66.220001
66.949997
67.5
67.5
67.209999
67.489998
67.440002
67.160004
67.25
66.650002
67.059998
66.529999
66.400002
66.639999
65.82
66.190002
66.459999
66.839996
67.389999
67.25
65.779999
66.360001
66.709999
65.650002
66.589996
66.510002
66.599998
67.690002
67.870003
68.110001
68.639999
68.309998
68.129997
67.739998
67.519997
67.169998
67.699997
68.349998
68.260002
68.489998
68.870003
68.800003
69.129997
69.230003
69.110001
69.260002
68.970001
68.68
68.379997
67.760002
69.879997
70.029999
73.25
76.650002
76.690002
79.510002
79.360001
77.400002
78.019997
77.709999
78.050003
78.529999
78.860001
78.830002
78.32
78.919998
80.169998
81.790001
81.599998
83.260002
83.690002
84.07
85.120003
85.489998
84.730003
84.760002
84.730003
86
84.940002
85.43
86.529999
86.75
86.889999
87.050003
87.129997
86.5
85.889999
86.290001
87.230003
86.910004
86.110001
86.120003
86.18
86.43
87.080002
86.239998
86.699997
83.550003
83.940002
83.300003
83.669998
83.709999
84.720001
86.029999
86.75
86.93
86.029999
84.629997
84.949997
84.589996
87.18
86.769997
86.720001
85.959999
87.199997
87
88.150002
89.559998
90.589996
90.529999
90.230003
91.010002
91.059998
91.129997
90.330002
90.43
90.620003
93.599998
92.139999
92.800003
91.919998
91.410004
91.209999
91.57
91.279999
91.360001
91.510002
91.730003
91.639999
90.68
90.029999
87.389999
87.529999
87.389999
87.290001
87.239998
88.599998
88.269997
89.029999
87.839996
87.519997
87.309998
86.190002
86.480003
86.18
85.879997
85.730003
85.400002
84.400002
85.860001
85.160004
84.459999
85.550003
84.519997
87.5
88.260002
88.43
87.610001
87
87.059998
86.5
87
87.099998
87
87.099998
86.75
87.43
87.160004
86.919998
87.339996
87.610001
84.269997
83.959999
84.779999
84.699997
85.760002
85.709999
85.349998
85.360001
83.900002
82.150002
83.059998
82.639999
82.790001
82.959999
83.910004
84.949997
86.959999
86.980003
87.269997
87.089996
86.57
86.18
88.07
87.519997
87.120003
87.019997
86.860001
87.239998
88.050003
89.82
91.150002
91.400002
92.75
93.68
93.379997
93.849998
93.190002
92.830002
92.510002
93.099998
92.25
91.389999
91.07
91.199997
91.199997
90.889999
91.279999
92.800003
91.93
91.550003
91.279999
91.800003
93.029999
93.110001
92.5
93.660004
94.019997
93.68
93.529999
92.190002
91.419998
92.489998
92.730003
92.089996
90.650002
90.739998
90.629997
91.559998
91.669998
91.519997
91.889999
91.599998
91.099998
91.309998
90.889999
91.699997
89.510002
90.110001
88.529999
88.419998
89.790001
90.889999
91.150002
90.970001
91.620003
92.919998
93.940002
94.599998
95.029999
94.830002
94.120003
93.699997
95.18
95.379997
95.510002
96.839996
97.349998
96.360001
97.089996
96.919998
96.410004
97.129997
96.839996
95.989998
95.860001
97.839996
97.620003
97.989998
98.110001
99.510002
99.339996
100.919998
101.019997
101.739998
101.769997
101.410004
100.610001
100.919998
101.589996
101.410004
100.779999
98.75
97.639999
97.629997
97.510002
97.860001
97.269997
98.190002
98.470001
98.139999
99.010002
98.93
98.639999
98.32
97.93
101.360001
103.730003
104.519997
104.790001
106.949997
105.720001
104.93
104.620003
105.93
105.620003
106.849998
105.510002
104.660004
106.139999
106.959999
106.510002
106.139999
107.830002
107.449997
107.019997
107.220001
107.790001
106.940002
107.949997
108.059998
109.040001
108.339996
108.5
109.050003
110.25
110.839996
112.669998
112.269997
112.989998
113.260002
113.010002
114.330002
114.209999
115.669998
115.699997
116.32
116.199997
115.110001
115.669998
116.870003
114.279999
108.800003
112.110001
112.870003
107.879997
110.040001
111.739998
112.43
115.029999
115.510002
114.68
114.709999
115.190002
114.980003
117.309998
118.769997
117.360001
115.5
113.43
113.32
115.059998
115.160004
114.730003
114.739998
118.040001
117.660004
116.25
114.949997
115.239998
115.440002
114.529999
114.639999
114.739998
109.949997
107.010002
110.309998
108.169998
108
109.970001
107.849998
109.330002
110.989998
111.879997
109.089996
110.400002
112.510002
110.620003
113.370003
110.300003
110.209999
110.209999
109.32
111.720001
111.470001
110.93
110.410004
109.989998
110.099998
109.400002
108.779999
108.779999
107.919998
107.239998
108.43
109.370003
110.989998
113.410004
114.290001
113.860001
113.900002
113.029999
113.339996
112.959999
111.129997
112.150002
113.010002
112.489998
111.230003
110.660004
105.93
108.349998
107.010002
108.400002
108.449997
107.839996
110.360001
110.800003
111.110001
110.830002
110.190002
109.970001
108.029999
107.900002
108.18
107.550003
107.540001
107.510002
105.75
104.790001
104.860001
103.239998
104.93
104.199997
105.080002
103.610001
103.720001
104.059998
107.279999
106.620003
106.389999
106.849998
106.360001
110.580002
110.5
111.529999
109.889999
111.279999
113.349998
114.150002
115.18
114.849998
116.029999
116.730003
114.949997
115.660004
116.150002
117.089996
117.120003
117.550003
117.790001
116.879997
115.730003
113.889999
114.650002
113.699997
114.769997
114.769997
114.620003
115.32
114.970001
114.730003
114.68
116.709999
116.139999
115.760002
115.190002
114.580002
115.150002
114.589996
114.099998
114.32
113.709999
114.43
113.080002
113.519997
113.5
113.839996
114.300003
117.620003
118.629997
117.849998
116.720001
116.389999
115.019997
114.519997
112.839996
113.5
113.970001
115.040001
115.269997
114.620003
115.32
114.519997
111.470001
108.129997
106.949997
106.339996
108.620003
109.830002
108.089996
107.910004
106.360001
105.25
103.290001
104.860001
103.419998
104.849998
106.699997
109.019997
108.980003
108.379997
109.089996
109.599998
111.480003
112.379997
111.290001
108.949997
109.589996
107.330002
110.07
109.989998
110.830002
108.449997
107.639999
106.650002
109.260002
109.720001
110.940002
110.059998
111.190002
112.239998
107.230003
105.190002
103.290001
101.360001
100.370003
101.019997
101.120003
100.290001
99.010002
98.540001
97.290001
96.449997
94.169998
92.139999
95.959999
97.040001
96.830002
97.620003
99.309998
97.110001
100.690002
100.760002
100.57
100.400002
100.389999
99.910004
100.940002
101.68
102.5
102.919998
104.589996
102.940002
102.68
102.739998
103.389999
103.879997
104.169998
104.410004
103.5
103.879997
104.25
103.790001
103.739998
102.379997
101.360001
100.879997
102.599998
103.089996
102.419998
105.550003
105.18
105.690002
105.470001
105
106.099998
105.290001
105.160004
104.360001
104.43
104.190002
104.110001
103.720001
102.970001
103.010002
104.349998
104.040001
104.389999
105.339996
106.550003
107.190002
106.800003
104.519997
102.870003
99.760002
98.93
99.919998
99.580002
100.709999
101.230003
104.639999
105.139999
105.349998
105.559998
105.309998
105.650002
104.870003
105.339996
106.230003
111.209999
109.940002
111.099998
114.300003
113.459999
