357.73
357.81
357.86
357.87
357.82
357.95
358.06
358.44
358.4
358.4
358.29
358.35
358.4
358.27
357.9
357.73
357.78
357.79
357.83
357.72
357.67
357.55
357.54
357.51
357.53
357.49
357.5
357.5
357.5
357.53
357.53
357.53
357.56
357.6
357.55
357.6
357.56
357.56
357.63
357.56
357.49
357.45
357.59
357.55
357.46
357.59
357.56
357.58
357.54
357.49
357.53
357.56
357.56
357.44
357.53
357.53
357.47
357.47
357.44
357.49
357.42
357.49
357.53
357.5
357.46
357.55
357.55
357.5
357.5
357.62
357.58
357.5
357.54
357.49
357.49
357.49
357.49
357.49
357.5
357.49
357.5
357.41
357.4
357.41
357.4
357.4
357.41
357.41
357.14
357.44
357.53
357.49
357.49
357.4
357.44
357.4
357.46
357.4
357.4
357.4
357.44
357.4
357.4
357.46
357.4
357.46
357.4
357.4
357.4
357.4
357.4
357.4
357.4
357.46
357.46
357.46
357.4
357.4
357.4
357.4
357.4
357.4
357.37
357.39
357.4
357.4
357.4
357.45
357.46
357.46
357.4
357.41
357.44
357.4
357.4
357.4
357.39
357.39
357.4
357.37
357.36
357.4
357.37
357.4
357.4
357.39
357.41
357.37
357.37
357.37
357.37
357.35
357.39
357.35
357.4
357.35
339.85
341.01
338.98
340.14
339.79
339.39
339.07
338.81
338.98
338.24
338.41
337.84
337.95
337.27
337.34
337.44
337.27
336.98
336.25
336.36
335.57
335.35
333.39
333.17
333.14
332.65
332.61
332.37
330.52
331.4
330.85
330.58
329.6
330.85
331.07
330.79
330.36
329
329.54
329.71
329.5
329.45
329.5
330.87
329.16
329.22
329.16
329.11
329.11
329.49
328.73
328.62
328.8
328.68
328.4
328.41
328.19
328.04
327.6
327.06
327.44
327.6
326
325.1
326.53
323.62
323.5
323.52
323.1
322.79
322.58
321.54
320
320.36
314.98
314.96
315.01
315.21
314.96
315.01
315.21
315.01
315.01
314.86
314.96
314.86
312.01
312.5
312.99
314.47
313.48
313.97
312.99
313.38
312.89
312.79
312.01
312.3
312.21
311.82
311.53
310.08
310.46
310.56
310.37
308.55
309.12
308.64
308.17
307.69
304.79
304.69
304.69
304.23
304.14
303.95
303.95
303.49
302.85
302.48
302.11
302.48
303.95
303.4
303.21
303.03
302.66
302.75
302.3
302.02
301.66
301.93
302.3
302.21
302.11
302.02
302.11
302.3
302.11
302.11
301.93
302.3
302.57
302.85
303.77
303.77
304.32
304.14
304.97
305.16
304.88
303.21
302.11
302.3
302.43
302.57
302.94
302.57
302.39
302.94
303.03
303.21
305.16
304.32
303.77
304.23
304.88
304.41
304.23
304.32
304.23
304.32
305.06
304.97
303.77
303.58
303.86
304.32
304.41
304.51
304.6
304.04
304.41
304.23
304.32
304.32
304.41
305.34
304.69
304.41
304.23
304.69
304.51
304.41
304.32
304.23
304.51
304.04
303.95
304.04
303.95
303.86
303.4
302.94
302.07
294.12
298.51
298.51
296.74
300.75
300.93
300.84
300.03
300.57
300.93
301.3
301.57
301.2
301.02
301.2
301.02
300.75
301.2
300.93
301.11
301.2
300.75
301.2
301.2
301.2
301.39
301.2
301.2
301.2
300.93
301.11
301.2
301.2
301.11
301.11
301.11
301.2
301.2
301.2
301.2
301.11
301.2
301.2
301.2
301.2
301.2
301.2
301.11
301.11
301.11
301.2
301.2
301.11
301.11
301.2
301.11
301.11
301.11
301.11
301.11
301.11
301.11
301.11
301.11
301.11
301.11
301.02
301.11
301.11
301.11
301.11
301.11
301.11
300.93
300.93
301.02
301.02
301.11
301.11
301.11
301.11
301.02
300.75
301.02
301.2
300.84
300.48
301.02
301.11
301.02
300.66
299.94
301.02
301.02
301.02
300.93
301.02
301.02
301.11
301.11
301.02
301.11
301.11
301.11
301.02
301.11
301.2
301.11
301.11
301.11
301.11
301.11
301.11
301.11
301.11
301.07
301.11
301.11
301.11
301.11
301.11
301.11
301.11
301.11
301.11
301.39
302.02
302.02
301.66
301.39
301.43
301.2
301.3
302.21
302.07
301.84
301.48
301.66
301.66
301.93
302.11
302.21
302.57
302.48
301.66
302.11
301.84
301.75
301.66
301.39
301.39
300.93
299.58
300.75
299.85
299.85
299.4
293.26
266.67
265.96
263.02
263.85
265.96
264.9
265.46
264.9
265.6
265.96
265.67
265.6
262.12
259.07
261.78
261.92
261.44
260.42
257.07
254.97
254.45
255.75
260.08
263.16
263.16
263.16
263.5
266.03
265.53
265.39
265.6
265.67
265.96
266.03
265.46
264.97
264.55
264.76
265.53
265.53
265.67
266.03
265.89
265.6
265.46
265.46
265.53
265.6
265.6
265.46
265.46
265.6
265.6
265.53
265.53
265.53
265.53
265.53
265.53
265.67
265.04
265.04
265.46
264.76
262.47
262.95
264.48
264.27
262.95
263.57
264.2
264.55
264.83
264.9
264.83
264.69
264.06
262.88
262.88
264.13
264.27
264.41
264.69
264.69
264.62
264.69
264.69
264.69
264.83
264.97
265.04
265.04
265.18
265.18
265.18
265.18
263.16
265.25
265.04
265.11
262.12
259.4
263.16
264.83
264.76
265.04
265.11
265.25
265.11
265.18
265.6
266.17
265.6
265.53
265.6
264.76
263.57
263.44
263.44
264.76
265.39
265.11
265.25
265.18
265.11
265.25
265.46
265.46
265.46
265.39
265.53
265.6
265.18
265.25
265.25
265.25
265.32
265.32
265.32
265.39
265.39
265.46
265.39
265.39
265.39
265.39
265.46
265.6
265.6
265.6
265.53
265.53
265.46
265.39
265.25
265.39
265.46
265.53
265.6
265.6
265.6
265.75
265.89
265.96
266.17
266.31
266.31
266.24
266.24
266.45
266.45
266.38
266.31
266.38
266.45
266.38
266.45
266.67
266.74
266.95
266.95
270.27
276.01
275.18
275.18
275.25
275.33
275.25
280.19
280.66
280.27
280.11
280.11
280.43
280.11
280.66
280.11
280.11
279.8
280.11
280.11
280.11
280.11
280.11
280.11
280.11
280.11
280.11
280.03
280.11
280.11
280.11
280.11
280.11
280.11
280.11
280.35
280.27
280.66
280.43
280.27
280.82
283.69
282.09
300.3
299.94
299.94
299.94
300.03
300.12
300.12
300.12
300.12
300.12
305.34
304.88
303.58
300.12
299.8
299.85
300.03
299.22
298.77
298.86
297
293.69
297.62
296.82
296.3
295.51
291.89
291.55
293.17
290.11
289.02
282.09
280.58
283.37
286.53
287.03
288.43
292.06
292.74
289.44
287.03
286.86
287.19
285.71
281.69
282.33
282.89
282.49
281.93
280.98
280.19
279.1
276.78
275.18
274.88
275.48
274.42
276.09
280.11
275.48
275.86
278.32
279.33
278.01
279.25
278.01
276.78
278.55
278.55
276.93
276.4
276.4
276.93
277.39
275.56
276.24
278.16
279.8
279.33
279.64
279.41
279.96
279.8
279.41
279.56
277.62
277.62
277.62
277.62
277.78
277.39
277.62
277.7
278.24
279.1
279.88
279.56
279.49
279.33
279.72
280.9
281.93
283.69
282.89
281.85
281.93
282.65
282.17
282.25
282.97
282.49
282.57
282.73
282.73
282.65
282.89
283.21
283.61
283.85
284.09
283.93
284.25
285.31
286.61
285.88
287.36
287.94
288.43
290.7
291.97
289.18
288.85
288.1
289.94
290.36
290.7
291.29
292.74
292.83
293.94
295.42
298.24
297.53
298.24
299.58
300.12
300.21
300.75
302.11
302.75
302.57
302.11
301.84
302.48
302.75
302.94
303.12
303.12
303.49
303.86
303.12
302.85
302.11
302.48
302.94
302.94
302.66
302.75
302.57
302.66
302.48
302.75
302.11
301.2
299.58
299.4
296.12
296.03
296.82
295.86
295.86
294.81
296.21
296.74
296.74
298.33
298.15
297.97
299.04
299.04
300.03
299.76
298.69
298.77
299.13
299.13
299.04
298.95
299.31
299.67
299.94
299.67
299.94
299.85
300.12
299.94
299.94
299.94
300.48
300.48
300.48
299.76
299.67
300.3
300.12
300.3
299.94
299.67
299.94
299.94
299.94
299.85
300.21
300.12
299.85
300.3
300.39
300.03
299.76
300.03
299.94
299.85
299.76
299.76
300.03
300.03
300.3
300.48
300.66
300.84
301.11
301.02
301.2
301.11
300.75
300.57
301.02
300.66
300.84
301.02
300.93
300.75
300.84
300.84
300.93
300.93
301.02
300.75
300.84
301.02
300.84
300.3
299.67
295.33
294.99
297.44
297.35
297.8
297.97
297.44
297.09
297.27
297
295.6
292.4
291.63
292.83
293.26
293.34
291.55
291.12
289.52
285.88
285.96
285.63
285.88
286.45
285.39
284.66
285.23
285.71
285.96
286.21
286.12
287.27
288.85
288.1
286.53
287.19
288.18
287.19
287.44
287.77
290.02
290.53
292.06
292.48
294.03
290.87
291.55
292.31
292.23
291.97
291.89
291.89
291.8
291.12
291.29
290.95
291.38
291.72
291.8
292.83
292.83
292.74
292.83
293.69
294.55
293.86
292.23
292.14
290.36
290.44
291.38
291.21
291.38
291.46
291.29
291.46
291.8
291.63
291.55
291.8
292.23
292.06
291.89
291.04
291.29
290.7
291.38
291.55
291.46
291.04
291.29
292.23
291.8
291.8
291.89
291.89
292.48
292.65
294.12
293.43
294.12
294.12
293.94
294.72
295.33
297
295.77
296.03
295.68
295.68
295.51
295.42
295.51
295.68
295.95
296.12
296.12
295.86
295.86
296.03
296.3
296.21
296.12
296.47
296.82
297.62
296.65
297.8
297.35
297.44
297.71
297.89
297.97
297.97
298.06
297.97
297.62
297.8
298.06
297.97
297.97
297.97
298.15
298.06
297.97
297.89
297.97
298.06
298.15
297.97
298.06
297.97
297.97
297.8
297.89
297.97
297.97
298.06
297.97
298.06
298.06
298.06
298.06
298.33
300.48
301.57
302.94
303.31
303.12
302.66
301.75
303.21
302.85
302.57
302.66
303.03
303.12
302.94
303.12
303.03
302.94
302.66
302.94
302.94
302.76
302.48
301.11
301.57
301.84
301.66
301.57
301.48
301.57
301.66
301.75
301.75
301.84
301.75
301.75
302.3
301.93
302.21
302.57
302.66
302.94
303.12
302.94
303.12
302.94
303.12
303.21
303.12
304.41
304.41
305.06
304.97
306.75
306.84
306.19
306.09
305.9
305.9
306
305.53
305.62
305.62
306.09
306.09
306
305.9
305.9
305.25
305.06
305.16
305.06
305.16
305.06
305.25
305.62
306
305.16
305.25
305.34
305.25
305.25
304.14
303.86
304.41
304.14
304.04
303.77
303.67
303.58
303.67
303.67
303.21
302.76
300.57
300.57
301.39
300.75
300.66
300.12
300.75
301.57
301.66
301.75
302.11
302.57
302.02
302.02
302.11
302.11
301.66
301.66
301.57
301.66
301.57
300.75
301.11
301.3
301.3
300.84
300.66
300.57
299.94
299.94
299.67
299.85
299.76
299.76
299.67
299.58
299.67
299.85
299.58
299.49
299.31
299.31
299.04
298.86
297.44
297.89
298.42
298.6
298.06
299.4
299.31
300.03
299.49
299.58
299.67
299.76
299.85
299.31
299.22
299.31
299.04
298.95
297.89
297.97
298.24
298.51
298.42
298.42
298.69
298.95
298.78
299.31
299.13
299.22
299.4
299.58
299.58
299.58
299.76
299.67
300.03
300.39
300.3
300.48
300.39
300.3
300.12
299.94
299.94
300.03
299.94
299.76
299.85
300.03
299.31
299.31
299.22
296.82
297.27
297.8
296.03
297
297.97
296.91
297.18
296.38
296.65
296.47
296.74
296.38
294.9
292.65
293.17
294.03
293.69
293.34
293.6
293.69
293.94
293.51
293.86
293.51
293.6
293.26
292.91
292.91
292.83
293
293
292.65
292.83
292.57
292.65
291.12
290.36
287.85
288.27
288.77
289.35
289.77
288.43
288.85
288.93
288.6
288.77
289.35
288.93
288.68
287.77
287.77
287.6
286.04
286.94
286.62
286.53
286.12
286.7
287.27
287.11
288.02
287.11
287.77
287.85
287.6
287.52
287.77
286.86
287.11
287.27
287.44
288.02
288.1
288.77
289.86
290.36
292.31
293
292.48
292.23
292.14
292.74
293.69
293.34
293.77
293.17
293.6
294.38
295.86
295.16
295.33
294.99
293.77
294.29
294.38
294.64
294.72
295.16
295.07
295.16
295.42
295.07
295.42
295.42
295.51
295.68
297.09
296.91
296.82
297.89
296.56
296.38
296.3
295.77
294.81
294.72
295.33
294.72
295.51
294.64
293.6
293.94
293.86
293.43
293.51
292.31
292.14
292.91
293
293.08
292.48
291.72
292.31
292.91
292.83
292.48
292.48
292.4
292.57
292.06
291.72
291.21
289.6
290.28
290.44
290.11
289.27
288.18
289.1
289.52
288.43
288.02
288.27
288.35
288.1
287.94
287.11
285.96
285.63
285.06
281.69
283.93
283.77
282.97
283.45
283.37
283.45
283.53
282.01
282.81
282.49
281.53
281.29
282.09
281.93
282.09
282.33
282.01
282.01
281.21
281.53
281.85
281.69
280.82
279.1
278.94
277.24
278.47
278.32
276.85
276.63
277.24
277.55
276.17
274.65
273
273.22
273.6
273.22
271.3
270.71
272.55
273.37
273.82
275.33
275.79
278.78
276.85
277.78
278.01
278.32
278.01
277.09
277.78
278.01
278.16
276.7
275.94
276.85
278.01
277.47
277.93
278.01
277.62
277.7
277.55
277.39
276.97
277.24
277.55
277.78
277.39
277.12
277.28
277.28
277.32
276.55
276.28
275.18
275.56
274.42
273.75
273.67
271.81
272.33
272.78
272.44
272.7
272.78
272.44
271.74
271.81
272
271.48
270.86
267.45
267.59
267.13
264.9
265.39
264.69
264.76
263.09
264.48
264.27
265.32
263.99
264.27
264.83
264.76
264.24
264.34
264.41
264.76
265.96
266.81
267.13
266.52
265.57
265.53
265.85
266.24
265.96
266.06
265.96
266.38
267.92
267.67
266.74
266.74
267.27
266.7
266.77
266.21
267.31
267.09
267.06
267.4
267.5
268.17
267.97
267.59
266.81
266.88
266.84
266.67
266.84
267.13
267.06
267.09
266.92
266.88
266.88
266.81
266.81
266.7
266.63
266.67
265.11
263.71
260.72
260.82
261.1
258.55
257.6
257.8
256.81
254.97
253
252.53
252.21
254.45
254.19
254.32
251.95
252.33
251.6
250.31
250.5
249.13
246.73
248.32
247.74
249
248.69
247.1
246.18
245.1
245.28
245.25
245.4
243.49
242.78
240.64
239.75
239.98
240.24
243.66
244.02
243.07
242.51
242.01
241.6
241.43
241.72
242.37
241.78
240.53
237.81
239.12
240.59
241.02
240.5
240.38
241.55
241.66
241.37
240.44
240.04
239.98
237.59
237.42
241.08
240.38
241.46
241.49
240.5
241.6
241.49
241.6
242.01
242.42
242.13
241.85
241.46
241.66
241.25
240.56
241.37
241.78
241.6
241.6
241.81
241.84
241.14
241.43
241.49
241.55
241.58
240.7
240.67
240.15
239.81
238.41
238.83
238.15
240.21
239.23
238.1
238.27
238.41
237.02
236.41
235.57
234.41
235.02
235.9
234.03
233.05
233.05
235.63
231
231.16
230.63
230.36
230.02
228
225.23
225.02
222.27
222.37
229.89
218.34
219.3
218.96
218.63
220.12
219.83
219.33
218.72
219.35
219.4
220.6
221.53
221.88
226.76
225.89
228.1
227.58
225.63
222.22
224.97
225.78
226.07
226.14
224.77
224.59
225.12
225.38
224.92
225.23
225.63
226.22
228.41
227.95
227.53
228
228.83
229.04
228.41
225.84
225.68
225.05
221.34
221.51
221.24
220.99
220.99
220.99
220.9
220.6
218.01
216.92
215.38
216.17
215.89
213.49
211.15
210.66
211.1
207.47
206.06
205.93
205.97
205.21
203.71
202.43
201.61
203.09
202.35
201.69
202.86
203.29
202.65
202.59
203.79
202.55
201.53
201.57
200.94
198.02
195.47
194.1
193.65
190.59
189.14
186.57
186.29
188.32
190.19
188.79
187.34
187.62
186.67
185.53
183.76
185.29
184.64
188.32
188.86
193.01
191.31
191.9
191.02
192.57
193.35
189.39
189.07
190.51
190.8
190.15
190
191.05
192.9
191.9
191.5
189.9
190.15
189.85
190.8
190.3
188.8
187.75
188.25
187.65
189.15
189.1
189.2
189.19
188.85
187.5
187
187.3
188.4
187.9
185.85
186.6
185.9
183.85
182.25
182.3
183.25
181.8
181.55
182.55
179.55
178.3
179
177.05
179.5
186
187.85
189
190.25
187.25
187.9
188.6
188.45
188.95
191
194.1
195.6
194.8
195
194.2
195.05
196
196.75
197
199.1
201.7
197.65
197.5
197.55
198.65
198.1
196
196.35
196.25
195.55
195.8
193.05
193.3
194.6
195.2
194.1
195
194.5
193.95
194.3
194.58
196.6
196.4
196.65
195.65
196.65
196.65
198.25
197.6
197.8
197.15
196.8
196.75
198.25
197.63
197.9
197.7
199
199.55
200.1
200.75
202.2
202.75
201.6
199.85
199.05
196
197.7
198.8
199.7
200.4
200.25
200.7
201.05
201.85
201.4
201.4
202.08
201.9
202.65
203.75
204.9
204.73
204.5
204
204.18
204.7
205.73
208.65
207.28
206.95
207.45
207
207.17
206.95
205.5
205.9
206.8
207.15
207.88
208.37
209.58
211.65
214.4
215.28
215.23
214.9
213.5
212.75
213.5
215.75
215.9
216.45
218
215.4
216.18
218.3
218.35
218.45
218.2
218.1
219.9
221.8
224.4
224.95
224.8
221.5
214.8
215.15
213.15
214.58
215.13
214
214.2
214.35
216.7
218.8
218.8
219.4
219.15
218.65
219.75
220.45
222.05
220.35
221.28
219.75
221.15
220.35
219.55
218.6
218.83
219.7
220.15
220.18
218.8
219.9
218.65
219
218.95
215.8
213.24
215.9
216.4
216.55
217.8
218.3
218.4
217
217.5
217.5
217.68
217.45
217.25
217.35
216.8
216.45
213.6
216
217.1
215.75
214.4
215.25
215.03
215.4
215.8
216.7
216.05
216.55
216.9
216.45
216.5
216.5
216.05
215.9
216.58
216.8
216.85
216.98
217.3
217.38
217.85
219.5
219.12
219.25
220.95
220.55
221.93
219.95
220.4
221.05
221.5
220.85
220.8
220.9
221.55
222.2
223.6
223.4
223.48
223.8
223.43
220.3
222.45
223.1
222.8
222.6
223.55
224.5
225.25
225.35
224.45
223.4
224.15
226
225.6
226.4
227.5
229.8
232
234.1
232.18
230.65
233.8
235.4
234.5
233.9
234.3
235.98
238.1
237.85
238.15
234.55
237.1
240.2
241.3
243.55
246.6
243.35
247.2
246.5
245.25
246.2
248.1
249
250.85
249.45
248.95
248.85
249.55
248.89
247.5
245.7
243.6
240.2
232.65
233.3
237.9
240.7
242.55
240.1
239.4
239
236.6
239.9
239.8
239.05
239.8
240.55
240.3
238.45
238.35
234.8
231.55
234.75
234.95
235.8
236.05
236.2
239.65
238.15
239.9
239.65
241
239.7
237.25
239.35
239.6
240.22
239.35
239.5
239.33
240.45
240.29
240.1
240.1
240.09
241.65
241.4
242.1
243.39
243.2
245.36
246.05
246.09
247.45
248.35
248.08
248.45
248.4
251.65
247.85
246.4
246.88
248.1
247.85
247.93
247.3
247.5
248.1
249.05
248.9
249.1
248.65
248.7
248.92
249.15
249.07
249.1
249.9
249.65
249.95
254.65
257.15
257.2
258.75
261.4
258.2
251.8
249.5
252.5
251.35
252.7
249.1
248.7
249.4
249.8
250
243.25
244.65
246
241.3
239.3
239.35
240.5
240.35
237.2
231.8
231.85
233.6
231.8
226.8
227.75
227.2
227.8
229.6
229
226.75
224.4
224.05
221.25
219.2
223.5
223.8
223
223.55
222.7
221.4
220.35
219.3
216.35
215.8
217.75
216.5
216
216
216
215.75
216.35
217.2
216.07
216.6
217.95
217.2
217.55
219.9
219.5
218.8
219
217.9
219.1
218.15
216.85
217.7
218.25
219.4
218.8
218.5
220.27
220.38
221
224.15
223.2
225.4
227.4
226.8
227.05
227.4
227
226.05
226.25
225.3
225.7
226.3
225.78
222.9
224
224.4
225.75
226.3
224.38
224.15
224.75
223.8
223.2
219.4
219.68
218
219.1
215.93
216.7
217.2
218
216.7
216.8
216.55
214.47
213.2
212.65
211.47
211.95
212.98
210.8
214.8
218.15
214.45
215
211.7
212.4
210.85
208.5
208.15
207.6
207.9
208.85
208.35
208.95
209
206.5
207.3
208.15
208.2
208.65
207.95
209.35
210.4
212.75
213.75
213.25
210
210.5
211.05
210.8
211.35
212.65
213.1
209.5
213.1
212.3
212.9
213.6
213.3
212.65
213.7
213.8
213.35
213.65
216.45
216.6
217.85
216.55
213.55
211
211.6
208.5
209.1
210.1
210.45
210.5
209.4
208.75
208.9
209.5
208.2
207.65
207.9
208
208.4
206.65
203.1
203.1
202.5
199.05
199.7
201.05
201.7
203
204.1
203.3
203.05
201.75
202.9
202.3
200.65
199.2
200.85
202.75
203.55
202.5
204.5
204.6
206.7
203.15
204.05
202.9
202.95
203.8
203.9
203.9
203.9
207.45
206.8
206.55
206.8
206.8
208.05
207
207.3
207.9
209.7
211.1
208.6
208.6
208.9
209
206
207
207.6
207.6
207.55
207.27
207.7
207.6
208.75
208.25
208.6
208.55
208.85
211.45
211.8
211.4
211.25
212.4
213.8
213.2
214
213.1
213.45
214.1
215.17
216.25
215.22
216.7
216.8
217.5
218.2
218.35
216.85
215.2
214.3
212.1
212.3
214.7
215.78
215.75
217.1
217.8
216.9
217.9
217.6
217.95
219.75
220.45
222.35
223.05
221.97
221
220.8
222.5
222.5
224.35
224.95
224
223.9
222.5
223.85
223.4
226.4
227.8
227.9
228.1
225.45
226.1
224.15
219.7
220.15
220.9
222.1
223.35
222.52
221.8
222.8
225.45
224.85
225.85
226.85
228.25
226.75
228.5
229.83
228.75
229.45
228.85
228.3
228.3
231
230.6
231.28
231.97
233
234.35
234.5
234.9
234.52
236.1
237.25
237.85
238.8
240.4
245.4
246.1
240.9
239.9
234.9
236.1
235.75
230.2
231.7
233.75
229.8
229.2
230.35
228.9
227.25
228.4
230.6
230.1
230.95
229.1
230.5
230.95
229.7
230.4
229.7
232.5
233.8
230.9
231.35
230.2
225.7
226.95
226.3
226.3
224.2
226.8
227.9
229.1
229.7
232.45
231.9
232.3
233.1
232.05
227.6
230.4
228.5
228.35
226.55
228.6
228.75
230.6
230.6
232.35
232.7
233.7
233.65
232.3
236.15
234.75
234.05
234.35
232.8
229.15
227.3
228.5
229.05
226.78
229.85
227.25
227.35
225.7
224.25
222.2
220.3
218.65
217.6
215.9
216.6
215.65
214.2
216.4
214.7
216.65
216.5
217.55
218
218.4
218.6
219.3
220.75
217.5
218.3
218.45
219
220.05
219.35
220.7
222.1
222.8
222.3
219.8
219.8
218.75
219.7
219.6
222
221.4
223.3
223.05
224.35
224.5
224.5
225.35
224.5
225.5
225.65
227.4
229.4
228.25
229.6
231
228.3
232.6
233.25
234.8
233.15
233.5
234.75
236.5
236.35
235.75
240.65
240.35
235.5
233.6
232.1
234.9
234.45
236.05
237.25
238.3
237.7
236.6
236.55
233.9
234.3
237.55
237.25
239.4
240.1
240.5
241.6
241.4
242.1
244
245.3
244.9
243.6
245.35
247.1
247.2
245.3
248.25
246.2
245.6
248.4
248.4
245.9
248.75
248.05
248
246.7
247.45
248.4
247.8
245
243.15
243.2
242.8
241.15
238.4
238
237.25
235.9
235.85
236.6
237.55
234.1
233.55
232.92
233.3
232.85
233.8
235.2
235.25
236.85
237.25
238.95
238.3
237.6
238.4
240.2
240.4
242.9
243.3
244.3
244.7
243.2
243.65
245.65
247
248.95
249.3
247.55
250.65
251.65
252.85
254.5
255.15
257.15
254.5
256
252.4
257.7
258.95
255.55
255
255.95
257
257.7
259
257.85
255.8
254.25
257.5
256.35
255.95
254.05
254.65
253.75
252.05
251.85
249.2
250.95
252.3
254.8
256.6
258.1
256.6
257.85
260.35
259.85
260.1
262.3
263.9
263.4
263.2
262.1
264.05
264.05
259.2
258.35
254.75
254.6
251.5
251
253.2
256.6
260.95
261.1
259.1
256.2
257.8
257.45
259.5
258.65
262.65
264
263.25
263.4
263.4
263.2
264.5
265.1
262.65
264.95
266.25
269.8
270
268.85
268.3
268.9
273.5
273.8
273.95
270.1
267.7
262.6
266.65
268.5
269.7
268.55
268.3
270.4
273
273.45
276.55
276.05
276.05
277.45
277.1
276.9
276.52
277.65
275.8
276
271.15
268.1
268.5
267.35
263.7
263.3
262.7
257.85
254.65
257.05
250.7
250.2
250.35
249.2
248.6
248.1
246.6
245.1
242.75
242.15
245.7
244.25
247.3
244.3
244.95
243.3
244.15
244.45
242.1
240.5
238.1
238.1
237.5
234.65
232.8
234.5
234.7
232
229.8
229.1
229.8
229.1
226.75
228.8
230.55
229.1
230.5
229.6
232.15
234.95
235.3
236.35
240.2
235.85
235.35
235.85
236.4
239.85
239.4
242.2
238.85
240.3
237.45
237.45
236.6
235.1
234.7
234.8
234.1
232.6
233.2
233.6
233.8
235.05
234.2
235.05
237.85
239
237.3
236.4
235.8
235.7
238.7
237.7
237.05
238.45
237.5
237.25
237.25
239.1
240.3
240.85
239.4
238.8
237.25
237.1
240.1
240.05
239.8
239
239.6
239
237.65
237.05
237.9
239.3
237.95
238.05
238.5
238.25
237.6
237.8
237.05
237.38
236.4
236.85
236.25
237.35
236.25
238.2
238.3
237.6
237.65
236.25
235.2
234.7
232.65
232.5
230.9
231.5
231.3
233.3
233.4
232.75
234.4
234.1
235.4
236.6
236.3
236.55
237.97
238.85
239.85
238.35
239
240.5
240.35
241.38
242.7
242.18
242.55
243.05
242.45
240.55
239.9
239.25
239.6
237.4
237.5
237.3
239.4
238.8
239.35
239.28
239.15
240.7
239.5
240.85
241.35
241.65
240.65
239.8
240.1
241.25
240.8
240.8
239.3
239.6
240.25
240.55
240.6
240.87
240.8
241.75
243.7
243.15
243.25
243.6
243.9
244.25
243.98
245.8
246.35
247.05
246.9
243.15
243.6
242.98
244
243.1
243.25
242.9
243.2
245.65
246.15
246.25
246.45
246.5
246.8
245.85
245.7
244.6
244.55
243.42
244.2
245.3
244.65
243.55
241.7
242.5
242.25
242.8
239.6
238.05
237.9
236.9
236.8
235.65
234.15
234.1
232.9
232.4
230.85
232.05
234.28
233.15
232.8
232.95
232.3
232.65
232.5
232.38
233.5
232.45
232.95
232.6
232.7
234.05
234.77
234.45
234.35
236.65
237
235.4
234.45
234.65
234.45
235.4
236.25
235.95
235.2
234.5
235.05
235.1
234.85
234.6
232.5
232.53
233.4
235.2
234.3
234.05
234.3
236.9
236.65
236.25
235.08
234.9
235.5
236.1
234.8
234.7
234.05
233.9
233.8
233.4
232.2
231.7
232.45
233.42
232.7
232.7
233.3
233.45
234.45
234.87
233.4
233.3
234.28
233.6
233.35
234.5
233.85
234.35
234.2
234.1
234.28
234.58
234.67
234.25
233.6
232.7
233.1
234.5
234.15
233.88
234.6
233.95
233.2
232.85
233.2
234.1
233.2
233.6
233.2
233.3
233.52
233.43
233.43
228.2
223.35
223.35
223.25
224.55
224.8
224.83
223.15
223.7
224.1
225.85
225.8
226
226.8
226.45
225.63
224.67
224.45
224.7
224.05
224.75
224.65
225.1
225.35
225.6
225.35
225.5
225.18
222.7
224.1
224.7
225.42
225.05
224.8
225.1
225.1
224.75
225.85
225.6
225.75
226.55
227
226.95
227.05
226.4
226.85
229
229.15
228.87
229.2
230.3
231.2
231.75
231.1
232.33
233.35
233
233.25
232.37
231.83
231.7
231.8
231.48
231.58
230.15
229.7
230.45
230.5
231.35
231.72
231.93
232.65
232.4
231.65
233
233.45
232.95
234.55
234.85
235.95
237.95
237.08
238
237.3
237.3
238.5
239.63
240.35
241.25
242.63
241.45
242.1
242.68
241.45
240.7
242.35
243.85
243.15
245.2
246.95
246.18
245.6
243.65
245.4
246.05
245.3
245.75
245.42
241.8
243.15
244.5
243.1
243.35
242.5
244.08
241.7
241.9
240.8
241.1
241.05
242.15
241.3
240.6
241.2
241.6
241.2
240.6
241.25
241.9
243.75
244.7
244.1
245.8
245.6
245.55
244.95
245.8
245.65
247.2
246.18
245.75
246.9
244.4
244.2
246
245.15
245.1
246.9
246.4
246
245.75
246.2
246.95
247.6
247.05
248
248.1
248.8
248.98
249.1
248.9
247.25
247.3
244.6
244.12
244.05
245.5
246.65
245.6
245.7
244.3
242
242.05
240.8
240.95
241
240.45
242.45
242.5
242.8
243.65
244.8
245.53
245.4
246.15
245.4
245.45
245.8
247.5
248.2
246.45
246.8
246.55
247.4
246.82
247
247.25
247.55
247.75
247.55
246.75
247.76
248.1
247.95
248.1
249.05
250.2
250.45
251.6
251.8
252.45
253.2
255.95
253.75
255.1
253.7
253.83
255.4
254.7
254.95
254.55
254.58
254
254.4
253.7
253.95
254.18
254.35
254.5
254.8
256.75
259.42
259.7
259.53
260.65
260.7
261.65
262.8
260.5
257.85
260.7
261.3
261.8
262.8
262.65
261.05
259.3
259.45
260.35
260.1
261
261.2
261
261.63
259.25
260.1
260.25
260.55
260.55
259.9
256.3
256.4
254.1
255.65
256.65
255.4
251.95
253
251
252.45
254.3
253.15
254.5
254.85
255.5
254.9
254.25
251.7
251.35
249.95
249.55
249.55
247.6
247.4
248.8
250
251.3
252.35
252.95
252.7
251.5
252.75
252.95
253.85
254.55
252.9
253.75
251.55
252.4
251.35
249.6
251
251.5
250.7
249.65
250.25
250.75
251.3
251.1
251.6
251.75
251.6
251.2
248.6
249.1
249.45
247.7
249.55
250
249.9
249.85
249.8
248.75
248.7
247.55
247.7
248.35
248.15
248.8
249
248.45
249
248.4
247.95
248.35
248.05
247
246.05
244.25
243.45
243
240.95
237.65
237.9
236.5
238.2
238.75
240.05
238
239.75
238.9
239.25
237.15
237.4
236.45
237.65
237.45
237.5
238.45
238.4
238.5
238.55
237.3
237.35
238
237.15
236.85
236.85
237.4
237
235.85
236.5
236.89
237.38
237
237.12
239
239.5
239.6
239.95
243.6
243.45
242.75
243.55
243.2
242
241.35
241.7
242.25
242.05
240.1
231.9
229.8
226.9
220.3
220.1
216.5
215
214.1
212.79
213.45
215.45
216
214.8
215.4
214.65
215.45
217.3
215.15
215.15
215.7
216.1
215.9
216.7
214.9
213.5
212.43
211.5
211.55
209
207.9
208
205.25
205.6
205.85
205.85
204
203.35
204.3
203.45
203
203.45
202.1
201.35
200.8
201
201.05
202.1
204.03
204.75
202.65
203
203.4
203.5
203.6
203.9
202.05
202.8
202.6
201.95
203.15
202.97
202.7
202.45
202.75
202.8
202.2
201.05
200.25
199.15
202.53
201.9
201.7
202.1
202.1
202.35
202.7
202.6
202.5
202.55
202.52
202.35
201.7
202.05
196.05
195.75
195.65
194.1
193.05
192.3
191.55
192.05
190.65
190.48
191.35
188.15
187.45
186.72
182.3
182
181.05
179.4
181.1
182.98
182.15
180.95
181.15
180.15
180.55
179.65
179
181.45
179.3
179.45
180.7
179.9
180.2
179.9
177.15
175.73
175
177.1
176.37
175.8
178.9
180.2
179.8
179.52
179.85
177.6
178.15
179.5
179.9
180.35
182.85
180.05
180.05
178.8
178.35
179.12
178.25
176.5
175.15
173.8
172
170.15
169.35
169
168.1
167.15
167.85
167.6
169.65
169.9
165.62
166.25
165.1
163.62
162.35
161.15
163
163.3
163.6
165.4
168.15
168.6
168.77
169.3
169.6
169.2
169
171.6
174.5
174.9
171.6
171.53
168.9
167.7
167.87
166.9
166.35
165.85
165.25
165.5
167.8
167.65
166.88
167.7
167.9
166.65
166.1
166.1
165.45
163.8
162.7
163.35
161.4
160.7
161
161.08
160.5
161.35
160.25
159.5
158.4
157.35
156.45
155.05
156.8
157.45
156.7
157.7
155.95
155.7
156.1
153.85
153.85
154
154.95
154.4
153.8
154.15
153.77
154.7
154.3
153.73
154.2
154.2
153.5
153.4
153.25
153.45
153.84
154.95
154.68
156.05
154.55
154.25
154.7
154.9
155.4
156.15
155.7
154.8
156.4
155.35
155.18
156.35
154.8
153.65
152
153.6
154.66
154.57
154.55
154.35
153.65
154.35
154.15
153.92
154.17
154.06
154.07
154.35
154.95
154.45
153.97
154.2
154.2
154.23
154.75
155.16
155.8
158.13
161.35
160.7
160.1
160.5
161.78
163.4
164
163.92
164.5
163.3
163.2
162.85
160.62
160.9
161.45
162.82
162.8
162.4
162.75
164.05
164.18
162.55
162.95
162.05
162.25
162
162.26
162.77
162.42
162.4
162.6
162.75
162.7
163.05
163.25
163.95
163.65
163
162.2
162.75
162.7
161.45
159.75
159.05
159.9
158.3
158.25
159.4
158.78
158.05
158.23
158.2
156.77
155.75
152.8
153.55
153.4
152.68
153.95
151.9
153.08
152.65
151.65
151.75
152.1
153.65
152.57
152.5
152.8
153.63
154.45
152.55
152.4
153.7
154.1
153.7
153.22
153.85
154.13
153.65
153.68
153.78
153.6
153.15
153.27
153.5
153.65
153.71
153.2
153.47
153.8
153.65
153.82
153.63
152.65
151.65
151.95
151.95
151.48
151.7
150.25
149.32
149.15
149.2
147.72
146.4
145.68
146.82
146.5
146.2
146.1
145.35
146.6
144.7
142.55
142.65
141.13
141.75
143
143.2
142.4
142.35
142.35
141.2
139.75
138.4
139.9
140.2
140.67
140.35
139.1
138.67
139.2
139.4
139.6
139.5
139.6
139.76
139.5
139.8
139.95
140
139.78
140.45
140.6
143.3
143.52
143.4
144.1
145.45
142.25
142.8
144.3
143.8
143.45
142.5
142.45
142.55
143.85
144.8
144.45
144.65
144.6
145.05
145.9
146.03
145.08
146.33
146.3
146.7
146.8
146.85
147.3
148.82
149.13
149.7
150.57
149.98
150.65
150.98
151.08
148.65
150.55
152.76
152.85
152.66
152.34
150.78
149.95
150.45
150.38
150.78
149.65
149.9
150.5
152.1
150.75
151.45
151.57
151.12
151.77
151.25
151.45
150
149.92
146.07
145.1
144.15
142.75
142
143.22
143.05
142.05
142
141.75
141.83
141.03
141.03
141.75
141.75
141.6
142.57
142.8
144.5
144.05
144.36
143.4
142.67
143.55
144.15
143.9
143.73
143.67
144.07
146.2
146.5
146.9
146.4
146.85
146.71
145.65
144.89
143.85
143.75
142.75
142.15
142.75
141.83
143.9
144.2
144.68
142.85
142.2
141.58
139.18
138.25
138.4
137
137.38
137.28
134.7
135.4
134.3
134.55
136.45
135.85
136.6
135.72
135.55
135.15
135.45
134.73
135.52
134.8
133.7
132.42
133
132.7
132.9
132.85
132.8
132.72
132.4
129.4
128.5
128.02
127.6
127.28
126.25
127.1
127.08
126.55
126.75
126.12
123.15
123.5
123.4
121.25
122.7
126.9
129.65
128.58
129.15
128.2
127.38
126.65
126.73
130.5
128.6
127.75
127.2
127.85
127.78
127.88
127.6
127.17
127.75
129.38
128.28
127.9
128.5
129.05
128.6
129.18
129.02
129.14
131.15
130.25
130.3
130.23
130.05
129.28
128.78
128.8
128.8
128.19
128.45
128.27
129.2
129.25
128.75
128.17
128.09
128.02
128.1
127.38
126.92
127.15
127.43
128.65
128.35
127.08
127.12
126.8
125.75
125.35
124.2
124.65
124.84
124.1
124
124.4
125.18
125.5
125.82
125.55
126.68
126.56
126.33
123.65
123.88
124.06
124.18
123.98
124.15
124.7
124.82
124.79
125.1
124.6
124.92
124.95
124.88
125
124.65
124.88
124.82
124.44
124.25
124.39
124.68
124.95
125.73
125.4
124.87
124.84
124.55
124.35
124.35
124.44
125
125.11
125.2
126.55
125.97
126.18
125.72
125.25
125.2
124.92
125.2
126.4
126.27
125.78
125.87
126.25
126.47
128.63
128.67
130.6
130.88
130.95
133.75
133.53
134.1
134.29
133.6
131.77
133.23
132.9
132.63
132.9
133.13
135.3
134.75
133.9
133.18
132.25
130.7
132.1
132.55
131.7
132.4
133.05
132.8
132.92
132.87
133.02
133.68
133.75
134.75
134.45
133.86
133.15
133.25
132.92
134.07
133.35
133.45
134.1
133.85
134.25
133.35
133.66
134.13
134.47
136.52
136.35
136.1
135.3
133.67
133.87
133.62
133.5
133.3
134.6
133.67
134.3
133.55
133.9
134.25
134.63
134.47
134.65
134.45
134.23
134.36
133.9
133.65
133.26
133.5
133.41
133.3
131.07
128.96
128.03
127.15
127.28
126.67
127.3
127.2
126.35
126.83
126.7
125.7
125.9
125.85
125.5
125.3
124.6
124.2
125.32
124.72
125.57
124.25
123.98
123.43
123.42
122.55
122.73
122.65
121.95
121.35
121.3
121.1
122.22
121.5
121.9
121.6
121.47
121.5
121.75
123.5
122.57
122.35
122.85
123.15
122.71
123.37
124.5
124.1
125.1
124.35
124.71
124.85
124.85
125.58
125.85
125.05
123.6
125.05
125.59
126.62
126.45
126.3
126.13
126.17
126.7
127.75
128.5
129.7
128.27
127.8
127.65
127.73
128.15
129.24
129.35
130.5
129.6
129.15
129.65
129.65
129.29
129.6
128.58
128.49
128.4
126.73
126.4
126.32
125.9
126.75
126.58
126.2
126.32
126.53
126.87
128.1
127.88
127.7
128.85
128.74
128.7
129.05
129.5
129.88
129.68
130.6
131.22
131.6
131.7
131.28
131.15
131.2
131.5
132.7
133.08
132.83
132.95
132.77
132.05
130.9
131.8
131.93
132.45
132.63
132.75
132.98
132.2
132.15
131.95
131.52
132.34
131.35
131.45
131.6
131.39
132.25
132.19
132.85
134.07
133.81
134.2
133.95
134.33
134.8
134.83
134.43
135.3
135.95
137.24
137.3
139.25
138.65
138.8
142.05
142
142.8
142
141.43
143.48
142.33
142.73
141.75
141.82
142.95
142.5
143.4
146.15
148.8
149.2
149.05
149.62
145.55
144.45
144.07
143.85
141.07
138.5
140.82
141.1
142.8
143.4
144
141.25
138.9
139.4
139.8
139
140.3
139.85
139.45
140.5
141.55
141.3
141.95
141.45
141.92
143.18
142.55
140.65
138.95
139.58
136.95
136.82
136.15
136.95
139.45
139.5
138.8
139.25
139.08
141.94
141.7
142.19
142.15
143.8
145.85
142.42
142.58
143.23
143.34
143.3
144.2
143.13
143.73
144.6
145.85
147.05
146.25
146.9
146.3
146.82
147.15
146.95
146.55
148.75
145.85
145.65
145.05
145.35
145.6
142.7
141.88
140.6
140.55
139.6
139.48
141.13
141.05
142.4
142.8
143.95
144.8
144.2
143.2
141.8
141.5
141.7
141.95
142.3
142.35
141.55
141.65
141.65
142
142.15
142.73
143.11
143.7
143.18
143.7
143.44
143.14
142.86
143.3
143.88
143.68
143.75
143.8
144.4
144.5
143.75
143.85
143.5
143.4
143.72
142.65
142.91
143.1
143.58
143.8
143.85
144.32
144.28
144.5
143.9
144.17
144.1
144.15
144.1
143.85
144.02
143.7
142.88
142.15
142.1
143.35
143.8
146.25
145.7
143.37
143.82
144.1
145.2
145.25
145.4
145.4
145.48
145.49
146.12
145.65
146.43
146.09
145.32
144.42
143.35
143.13
144.1
144.55
144.9
145.38
145.39
145.13
145.47
145.4
145.2
144.2
144.4
144.27
144.4
144.15
145.45
145.32
145.89
146.92
148.85
148.63
148.82
149.67
150.28
149.78
149.8
151.22
150.83
151.34
152.38
152.55
152.24
152.55
152.38
153.5
153.88
154.16
155.1
153.9
156.5
157.4
158.75
156.75
157.82
158.9
159.13
158.6
157.68
157.65
157.5
158.58
158.28
158.19
158.75
159.37
159.9
159.1
156.5
157.85
157.7
158.72
158.73
158.75
158.9
158.85
158.85
158.3
158.15
158.35
158
157.9
156.45
157
152.73
152.77
151.4
151.43
152.35
152.85
153.53
151.6
151.23
151.55
149.69
150.88
151.32
152.64
151.39
151.6
152.65
152.55
152.53
153.53
154.52
154.44
154.79
154.07
154.2
153.7
153.65
154
154.82
154.75
155.37
155.15
154.38
153.17
152.35
151.27
151.2
150.77
151.03
151.1
148.9
148.68
148.6
147.5
148.05
148.35
147.3
148.05
148.97
148.45
148.35
148.88
150.45
149.6
148.2
146.13
147.25
149.6
149.9
149.75
149.8
150.15
149.82
150.15
150.35
149.48
147.45
148.38
147.57
146.87
146.4
145.75
146.6
146.55
144.45
143.48
143.62
144.3
143.93
143.55
141.68
141.05
140.1
139.2
139.85
137.7
137.35
136.67
137
137.5
137.5
136.93
136.9
136.1
137.38
137.27
138.37
138.27
136.9
136.95
136.13
133.9
132.4
130.33
129.97
129.95
128.65
128.15
127.25
125.27
125.05
125.75
126.05
127.5
128.05
127.3
128
128.4
129.1
129.95
130.48
128.6
126.8
127.3
128.15
129.9
129.73
129.6
129.62
129.27
129.43
129
128.95
127.65
127.35
128.75
128.33
129.85
132.45
133.1
134.4
134.05
134.53
132.35
131.05
131.9
132.1
131.82
132.13
132.95
133.25
133.23
134.15
134.85
135.6
136.05
136.05
136.45
135.12
135.75
134.6
133.05
135.1
136.7
136.45
134.05
134.6
134.25
135.05
135.9
136.85
132.88
132.8
131.7
132.41
132.23
132.27
132.2
131.53
131.6
131.45
131.45
131.08
129.73
128.35
127.95
127.9
127.72
128.3
129.08
129.8
130.45
131.55
131.8
131.4
132.2
133.35
132.85
132.27
132.95
134.55
135.55
135.39
136.25
135.8
136.25
138.1
136.3
136.4
135.95
137.2
138.15
138.15
138.6
137.6
137.2
138.43
138.35
139.1
141.2
140.6
140.2
138.3
137.4
135.97
136.9
137.25
135.1
136.35
135.95
136.3
134.48
134.85
136.35
136.8
138.58
139.45
137.94
138.05
138.05
138.13
137.7
136.38
137.6
138.1
138.55
138.47
137.95
138.35
139.3
138.75
139.42
138.15
137.99
137.55
138.5
138.22
137.5
138.05
137.73
138.4
137.8
138.2
137.85
138.45
139.08
138.66
139.13
139.18
140.31
141.9
141.2
141.9
141.33
140.55
140.97
140.9
140.08
138.74
139
138.9
138.82
138.3
138.1
137.9
138.4
138.78
139.5
138.35
138.73
138.65
138.53
138.58
136.75
136.7
137.15
136.8
136.8
136.45
137.45
136.98
137.38
138.85
137.9
138.18
137.93
137.42
137.67
136.74
136.68
135.73
135.85
136.47
136.9
136.54
136.52
136.61
136.47
137.25
138.3
137.45
136.8
136.43
137.1
137
137
136.6
137
136.85
136.02
135.3
135.87
136.15
134.95
134.85
134.95
134.06
133.98
133.65
133.82
134.17
134.5
134.37
133.05
133.08
133.3
133.67
133.4
132.85
133.2
132.68
130.77
130.03
129.3
130.1
130.25
130.35
129.73
130.22
130.02
129.83
129.77
130.73
131.2
131.55
131.18
131.4
132.25
130.75
131.08
130.6
130.3
128.9
129.8
129.9
129.7
130.32
129.65
130.12
129.87
130.05
129.3
129.95
129.77
129.62
129.53
127.77
128.1
130.28
130.08
129.95
129.55
129.55
128.77
128.2
128.4
128.7
129.15
129.24
128.8
128.47
128.6
128.45
128.33
127.57
126.55
127.55
126.78
125.57
125.75
124.9
124.5
124.8
124.1
124.4
124.9
125.4
127.05
126.85
126.8
128.4
128.28
127.45
123.2
123.22
123.9
123.42
125.4
125.62
125.45
126
125.55
125.95
126.15
125.83
125.65
125.22
126.7
126.93
127.68
127.68
127.93
128
128.4
128.65
128.72
129.1
129.45
129.68
129.41
129.15
129.63
130.84
132.11
131.85
131.76
131.92
132.88
133.45
134.25
133.6
133.98
133.45
132.05
133.27
134.15
133.7
133.69
133.35
133.95
133.12
133.06
132.92
134.5
133.83
133.25
132.72
133.28
132.6
132.23
132.9
133.28
132.79
133.39
133.9
134
134.5
134.23
134.15
134.53
134.53
133.13
133.33
133.5
133.3
132.75
132.7
133.07
132.5
132.7
133.4
133.17
130.5
130.4
130.2
130.25
128.8
129.1
129.58
130.25
129.4
129.33
129.95
129.62
127.75
127.45
127.53
127.8
127.57
126.8
127.2
127.55
127.65
126.75
126.65
126.8
126.7
127.05
126.65
126.93
127.1
127.23
126.68
125.45
125.72
125.25
125.87
124.92
124.6
124.8
124.55
124.42
124.85
125.8
125.4
124.95
126
125
125.45
124.55
125.25
125.3
126.9
126.63
127.67
127.73
127.58
127.93
127.65
127.35
127.28
127.25
127.4
127.75
127.5
128.05
128.05
127.72
127.27
126.25
125.75
126.25
126.3
126.32
126.07
124.68
124.9
124.95
124.9
123.26
122.95
122.95
123
124
123.22
122.68
123.23
122.98
124.23
124.25
124.38
124.95
124.43
124.63
123.72
121.2
120.15
120.7
120.5
119.58
119.75
120
120
119.35
119.65
119.92
120.02
120.97
122
121.5
121.02
120.4
119.85
119.85
121.95
121.8
120.75
121.77
122.03
122.48
122.5
123.36
123.3
123.95
122.25
122.8
122.67
123.2
123.9
124.4
124.12
123.85
124.85
124.55
124.38
123.55
124.22
124.18
124.1
123.93
124.4
124.42
124.4
124.41
124.67
124.9
124.44
124
124.1
123.73
123.89
123.85
124.1
122.9
123.1
123.28
122.97
123.52
123.85
123.9
124.75
124.7
124.59
124.85
125.4
125.11
125.1
125.25
125.27
125.05
125.3
126.03
125.75
126.1
125.55
124.9
125
124.85
123.28
123.63
124.1
124.23
124.97
124.95
124.86
124.33
124.58
124.43
124.02
121.38
120.97
120.5
120.9
119.8
119.4
119.6
119.11
116.45
116.65
116.9
117.5
118.1
118.75
117.77
117.25
116.8
117.65
116.62
117.4
118.12
117.57
117.8
118.45
116.9
117.25
116.88
115.95
115.67
115.7
116.88
117.3
116.4
116.77
116.62
114.9
114.1
114.2
113.6
114
113.7
113.45
113.2
112.75
113.4
113.9
113.4
112.63
111.03
110.8
111.1
