41.46875
42.265625
41.78125
43.109375
42.796875
43.203125
41.640625
42.8125
44.984375
44.53125
46.1875
46.5
44.8125
46.34375
47.46875
47.03125
46.65625
47.28125
47.125
46.5
45.0625
42.9375
44.4375
43.3125
40.5
41.5625
41
42.46875
43
44
42
41.0625
41.03125
40.65625
39.9375
39.03125
39.5625
38.96875
39.53125
39.84375
39.9375
40.25
39.5625
38.4375
39.5625
39.34375
39.65625
39.21875
38.78125
38.625
38.125
39.25
39.1875
40.34375
39.25
39.21875
38.1875
39.78125
40.125
39.6875
41.15625
39.9375
39.0625
38.78125
38.84375
40.5
41.4375
42.5
44.46875
43.25
43
42.3125
42.46875
43.375
44
45.09375
45.59375
46
44.78125
46.15625
46.28125
46.625
47.09375
46.8125
47.46875
47.1875
49.71875
49.1875
46.65625
47.34375
45.53125
45.125
43.8125
44.40625
45
43.46875
42.90625
42.40625
42.375
42.46875
42.875
42.5625
41.90625
41.46875
42.09375
40.875
42.34375
42.15625
42.28125
42.5
41.90625
41.6875
43.21875
46.09375
47.65625
47.3125
46.625
46.125
46.28125
46.1875
45.90625
47.9375
47.125
46.125
47.03125
47.5
46.9375
47.53125
46.3125
47
48.21875
48.78125
47.3125
48.03125
45.59375
45.46875
45.71875
46.0625
44.75
45.28125
44.992149
46.28125
45.90625
46.84375
46.875
47.46875
47.15625
46.28125
45.53125
45.34375
44.03125
43.9375
43.15625
46.125
46.53125
46.34375
46.21875
46.1875
45.4375
44.9375
46.28125
46.1875
46.28125
46
45.875
45.78125
44.96875
44.4375
43.5625
44.8125
44.59375
43.5
43.65625
42.5
42.46875
43
44.90625
44.8125
45.84375
45.5625
45.09375
45.523399
46.59375
47.40625
48.0625
47.71875
46.5
45.875
46.375
46.9375
48.3125
49.34375
54.21875
56.84375
57.625
56.375
57.9375
58.78125
58.71875
59.5625
58.75
58.96875
58.8125
58.375
58.28125
56.3125
56.90625
55
55.71875
56.125
54.6875
52.90625
53.90625
56.125
57.65625
53.5
53
51.875
50.625
51.40625
49.6875
49.375
49.125
48.9375
51.46875
50.40625
51.8125
53.28125
53.3125
54.96875
52
53
49.96875
49.8125
49.28125
48.8125
49.8125
47.53125
46.90625
47.125
47.375
45.65625
45.78125
44.6875
45.40625
46.6875
48.0625
45.3125
46.4375
47.78125
50
50.5
49
47.5625
47.6875
47.6875
49.6875
48.6875
51.375
51.625
55.9375
55.84375
52.03125
52.15625
53.59375
51.6875
53.125
45.4375
44.28125
43.1875
43
44.53125
43.03125
41.9375
39.6875
39.625
37.0625
37.9375
40.28125
39.34375
39.46875
33.3125
34.6875
34
34.90625
34.875
36.71875
34.9375
35.28125
35.21875
35.5625
34.90625
33.90625
33.09375
33.9375
34.40625
34.6875
34.75
33.84375
33.09375
32.53125
32.09375
31.59375
32.78125
30.75
30.71875
31.6875
31.28125
32.28125
33.15625
33.4375
34.8125
35.25
34.40625
34.40625
33.4375
33.9375
35.25
36.1875
36.28125
36.84375
37.46875
40.34375
39.9375
38.84375
39.75
39.40625
39.46875
38.59375
40
40
39.25
40.46875
41
39.71875
39.5625
40.15625
39.96875
39.46875
39.09375
39.25
36.5625
37.40625
36.15625
35.28125
34.5
33.90625
34.6875
34.84375
34.90625
34.34375
34.6875
35.125
34.5625
35
37.0625
37.125
36.3125
36.21875
36.09375
35.8125
35.5
35.78125
35.5
35.3125
35.625
35.375
35.5625
35.3125
35.65625
35.46875
35
34.90625
35.09375
35.0625
34.71875
35.03125
34.65625
34.40625
34.0625
34.125
32.90625
32.09375
31.5
32.5
32.125
32.09375
31.625
30.625
31.34375
30.3125
30.65625
30.15625
29.5625
28.28125
27.71875
27.6875
27.78125
27.09375
27.28125
27.875
27.1875
26.875
25.1875
25.21875
25.875
30.9375
32.59375
31.0625
30.75
30.625
32.21875
33.84375
34.53125
34.4375
34.8125
35.15625
34.125
34.75
35.25
34.71875
35.4375
33.6875
33.21875
34.40625
35.03125
34.46875
34.53125
33.59375
33.875
34.125
34.96875
35.34375
33.5
32.53125
28.6875
28.3125
28.21875
29.9375
28.34375
26.5625
27.21875
29.03125
29.1875
28.625
27.75
24.59375
23.90625
22.40625
20.75
21.71875
23.21875
23.4375
23.21875
22.28125
21.6875
21.6875
23.96875
24.21875
24.5625
24.46875
25.90625
26.4375
27.5
26.75
26.28125
26.46875
27.75
30.5
30.0625
30.28125
31.46875
30.90625
32
32.25
31.6875
30.53125
31.1875
30.40625
30.96875
31.28125
32.34375
31.125
29.5625
29.375
29.09375
29.1875
29.40625
28.65625
27.9375
28.125
27.59375
28.375
29.78125
29.6875
29.5
29.679649
28.34375
28.71875
29.71875
30.34375
29.625
28.34375
25.96875
27.09375
27
26.84375
27.28125
27.15625
26.34375
25.03125
27
28.28125
28.03125
29.125
27.78125
27.6875
27.34375
27.90625
26.6875
25.96875
28.375
28.09375
28.575001
29.84
30.02
31.09
30.395
30.74
32.715
34.02
34.5
34.125
33.775002
34.845001
34.564999
33.560001
33.875
35.084999
34.880001
34.264999
35.375
35.689999
36.029999
35.200001
35
34.700001
34.360001
34.134998
34.580002
34.084999
34.044998
34.395
35.154999
34.849998
35.860001
35.455002
35.169998
34.595001
34.59
35.169998
35.389999
36.299999
36.18
36.84
36.595001
36.060001
36.040001
35.345001
34.450001
34.009998
33.439999
33.66
34.705002
34.919998
34.415001
34.424999
35.07
35.57
36.369999
36.5
35.299999
35.235001
34.255001
33.029999
32.845001
32.240002
33.25
35.799999
35.669998
35.59
35.91
35.285
36.285
34.59
33.544998
33.16
33.740002
33.294998
32.735001
32.900002
33.095001
33.235001
33.724998
33.445
33.064999
33.174999
32.43
32.505001
32.759998
32.915001
32.345001
31.6
32.310001
30.940001
31.35
30.389999
30.33
29.559999
31.025
31.155001
30.370001
30.125
28.469999
28.525
28.049999
28.870001
28.01
27.700001
28.790001
26.455
27.16
26.934999
25.379999
24.855
26.004999
25.65
25.135
24.98
25.584999
25.895
26.525
28.115
28.219999
28.860001
29.02
27.280001
27.754999
28.16
28.190001
29.030001
29.225
28.014999
28.375
28.950001
30.08
30.215
30.66
31.280001
31.1
29.82
29.440001
29.075001
30.92
30.700001
31.635
32.389999
32.125
32.209999
32.605
32.895
33.950001
32.974998
33.060001
32.875
33.27
32.700001
32.025002
32.355
32.57
31.870001
31.4
32.419998
32.105
32.384998
33
34.049999
34.325001
33.915001
33.529999
33.66
33.974998
33.134998
33.720001
34.490002
34.634998
34.744999
33.380001
33.77
33.634998
33.84
33.924999
33.935001
33.125
33.52
34.615002
34.450001
34.279999
34.689999
34.355
34.639999
34.305
34.235001
34.775002
33.935001
34.93
33.049999
32.23
31.870001
32.299999
31.9
31.91
31.16
31.424999
31.855
31.33
30.559999
30.575001
30.200001
29.9
30.325001
30.565001
30.07
30.91
30.84
30.115
29.465
29.950001
29.025
28.995001
29.540001
29.275
29.195
29.17
30.684999
31.65
31.540001
31.815001
31.360001
31.975
32.169998
31.27
31.049999
30.610001
31.245001
31.07
31.115
30.049999
30.68
30.225
29.615
29.540001
29.719999
30.155001
30.190001
28.639999
28.165001
28.225
27.934999
28.610001
27.434999
28.15
27.395
27.965
27.844999
28.905001
28.315001
28.184999
28.6
27.795
26.995001
26.51
26.865
25.75
26.120001
26.129999
26.375
25.605
24.780001
24.309999
24.735001
27.485001
26.059999
25.025
26.344999
27.440001
27.375
27.870001
28.014999
27.004999
26.094999
26.844999
27.41
26.629999
26.16
26.025
26.32
25.455
24.709999
24.99
25.83
25.950001
25.99
26.41
26.285
27.77
27.110001
27.625
27.84
27.995001
27.18
27.049999
26.139999
27.08
26.475
27.065001
27.459999
27.35
26.33
25.719999
25.92
27.424999
26.459999
26.605
26.120001
26.455
25.93
25.9
25.625
26
25.555
24.780001
23.754999
21.504999
23.115
21.415001
22.674999
24.125
24.049999
23.99
22.875
22.205
21.995001
22.834999
23.545
24.455
24.059999
24.235001
23.530001
24.855
24.885
25
26
25.52
26.139999
26.615
26.110001
26.049999
25.42
24.690001
25.290001
24.540001
23.51
24.105
22.955
23.91
24.35
24.895
24.290001
23.575001
23.955
23.889999
23.645
23.875
23.6
23.73
22.615
22.82
23.254999
23.1
22.625
21.870001
23.115
22.805
22.4
21.885
22.025
22.495001
21.995001
23.190001
24.434999
24.645
26.145
25.205
25.385
26.575001
26.254999
25.834999
26.6
25.615
26.34
25.975
26.035
26.555
26.735001
26.5
28.049999
28.34
28.514999
28.004999
27.549999
26.93
27.254999
27.68
28.495001
28.344999
27.924999
27.43
28.309999
28.92
29.110001
29.115
28.450001
29.040001
28.84
28.844999
28.355
28.27
27.67
27.735001
26.764999
27.004999
27.33
27.084999
26.25
27.24
27.18
26.764999
26.555
26.52
27
26.91
26.695
26.485001
26.375
25.85
26.860001
26.895
27.385
27.9
27.120001
27.905001
27.959999
28.195
28.485001
28.135
27.674999
25.73
25.665001
25.5
26.139999
24.924999
24.584999
24.41
24.955
24.120001
23.73
24.280001
23.66
23.48
23.709999
23.290001
23.690001
23.219999
23.219999
23.495001
24.15
24.959999
24.530001
24.139999
24.629999
24.07
24.190001
23.610001
23.58
23.700001
23.540001
23.07
23.440001
23.27
23.559999
22.950001
22.799999
23.389999
24.67
24.860001
25.93
26.040001
26.32
26.25
26.57
25.290001
25.49
25.25
25.040001
24.67
24.209999
24.35
25.719999
25.73
25.09
25.17
25.58
24.57
24.59
24.200001
24.76
24.6
24.92
25.5
25.209999
25.76
25.719999
25.49
25.219999
25.74
25.799999
25.57
25.719999
26.1
25.860001
26.370001
25.99
25.74
26.360001
26.200001
25.99
25.620001
25.790001
25.57
24.76
24.629999
24.030001
24.16
24.219999
24.790001
24.41
24.4
24.610001
24.639999
24.879999
24.870001
24.09
23.67
23.75
24.68
24.879999
24.99
24.65
25.389999
25.959999
26.07
26.07
26.33
25.780001
25.700001
25.26
25.75
25.629999
25.639999
26.15
26.879999
26.5
27.42
27.700001
27.469999
26.91
27.309999
27.4
27.27
27.52
26.690001
26.889999
26.040001
26.379999
26.450001
26
26.889999
26.610001
26.469999
26.23
26.41
26.17
26.18
25.66
25.65
25.709999
25.58
25.610001
25.73
25.6
25.629999
25.540001
25.700001
26.620001
26.450001
26.24
26.219999
26.5
26.57
26.42
26.51
26.52
27.26
28.299999
28.43
28.379999
28.84
28.370001
27.549999
27.84
28.34
28.360001
28.9
28.5
29.5
29.959999
29.07
29.6
28.459999
28.24
28.190001
28.83
27.799999
28.52
28.5
29.08
29.190001
29.139999
28.82
28.940001
28.91
28.780001
28.68
29.07
29.23
28.93
29.35
29.35
28.889999
28.91
26.610001
26.91
27.200001
26.74
26.120001
26.139999
26.68
26.07
26.1
26.23
26.1
26
25.799999
25.98
25.690001
25.5
25.15
25.15
25.35
25.1
25.110001
25.73
25.4
25.450001
25.709999
25.84
25.66
25.67
26.200001
25.98
26.24
26.379999
26.59
26.610001
26.65
26.74
27.059999
27.040001
27.4
27.360001
27.18
27.15
27.040001
27.209999
27.459999
27.52
27.370001
27.450001
28.139999
28.24
28.209999
28.16
27.66
27.57
27.43
27.700001
27.540001
27.809999
28.1
28.299999
28.01
28.48
28.799999
28.25
27.709999
27.91
27.65
27.4
27.290001
27.01
26.959999
27.08
26.9
27.02
27.15
26.950001
26.59
26.99
26.77
26.459999
26.57
26.610001
26.879999
26.700001
26.5
26.530001
26.700001
26.389999
26.370001
26.370001
26.35
25.83
25.719999
25.370001
25.09
25.379999
25.16
25.18
25.129999
24.889999
24.629999
24.5
24.15
24.41
25.190001
25.030001
25.309999
25.200001
24.93
25.08
25.85
25.950001
25.799999
25.59
25.48
25.610001
25.450001
25.51
25.219999
25.16
25.530001
25.33
25.450001
25.950001
27.540001
27.24
27.219999
26.559999
26.48
26.129999
26.35
26.33
26.299999
26.120001
25.780001
25.93
25.940001
25.940001
26.1
25.860001
25.540001
25.83
25.620001
25.73
25.889999
25.76
26.1
26.139999
26.190001
26.23
26.110001
26.129999
25.889999
25.950001
26.43
26.6
26.469999
26.77
26.9
27.41
27.32
27.77
28.35
28.35
28.290001
28.299999
28.389999
28.57
28.280001
28.5
28.559999
28.629999
28.57
28.02
28.1
27.639999
27.860001
27.889999
27.6
28.129999
27.870001
27.48
27.950001
28.32
28.860001
29
28.030001
28.66
28.440001
28.58
28.48
28.49
28.52
28.07
28.059999
27.530001
27.139999
27.18
27.719999
27.41
26.879999
27.02
27.09
27.049999
27.459999
27.120001
27.200001
27.24
27.24
27.549999
27.440001
27.459999
27.299999
27.299999
27.389999
27.620001
27.110001
27.360001
27.26
27.280001
27.49
27.25
27.440001
27.190001
27.26
27.51
27.51
27.26
27.120001
27.35
27.290001
27.190001
27.27
27.58
27.65
28.25
28.120001
28.379999
28.530001
28.17
27.99
28.059999
28.030001
28.030001
27.799999
27.99
28.41
28.18
28.700001
28.559999
27.74
27.629999
27.9
28.15
28.01
27.969999
28.08
28.24
28.469999
29
29.309999
29.280001
29.77
29.73
29.98
29.969999
27.389999
27.120001
27.17
27.07
26.860001
26.65
26.530001
26.639999
26.6
26.77
26.809999
27.25
27.09
27.23
27.33
27.07
27.360001
27.23
27.08
27.25
27.23
27.110001
27.16
26.959999
26.950001
27.07
26.969999
27.01
26.85
26.950001
26.9
26.76
26.719999
26.74
26.84
26.780001
26.75
26.67
26.799999
26.73
26.780001
26.27
26.120001
26.32
25.98
25.860001
25.65
25.67
26.02
26.01
26.110001
26.18
26.280001
26.389999
26.459999
26.18
26.32
26.16
26.24
26.07
26.059999
25.969999
26.01
25.93
25.790001
25.65
25.48
25.23
25.200001
25.370001
25.25
25.16
25.280001
25.26
25.17
25.17
25.469999
25.4
25.309999
25.43
25.09
25.110001
24.91
24.629999
24.540001
24.309999
24.200001
23.99
24.18
24.280001
24.200001
23.92
24.16
24.17
24.120001
24.23
24.469999
24.67
25.1
24.940001
24.969999
25.32
25.040001
24.84
24.459999
24.65
24.629999
24.32
25.280001
24.98
24.99
24.76
24.99
24.450001
25.299999
25.23
25.360001
25.209999
25.23
25.219999
25.110001
24.9
24.91
25
25.299999
25.49
25.459999
25.700001
25.92
25.74
25.85
25.75
25.709999
25.9
26.07
25.799999
25.809999
25.790001
25.43
25.370001
25.51
25.4
25.51
25.43
25.309999
25.360001
25.26
25.040001
25.040001
25.110001
25.15
25.07
25.309999
25.040001
25.049999
25.07
25.09
24.84
24.709999
24.98
24.700001
24.65
25.09
25.290001
25.610001
25.66
25.969999
25.790001
25.549999
26.16
26.190001
26.440001
25.68
25.690001
25.540001
25.719999
25.75
25.610001
25.92
26.809999
27.25
27.32
27.76
27.129999
27.35
26.950001
27.27
27.049999
27.129999
26.74
26.950001
26.82
26.719999
26.91
26.870001
26.809999
27.030001
26.969999
27.15
27.18
27.379999
27.200001
27.02
27
26.85
26.610001
26.58
26.610001
26.48
26.309999
26.27
26.07
26
25.84
25.49
25.34
25.27
25.27
25.34
25.67
25.940001
25.73
25.5
24.98
24.67
24.73
24.59
24.459999
24.41
24.299999
24.59
24.67
24.530001
24.57
25.09
24.790001
24.780001
25.1
25.030001
25.110001
24.85
25.530001
25.700001
25.959999
26.459999
26.440001
26.66
27.01
27.049999
26.959999
27.09
27.280001
27.370001
27.5
27.74
27.969999
28.07
28.16
27.91
27.92
27.76
27.75
27.68
27.68
27.889999
28.01
27.85
27.690001
27.75
27.690001
27.709999
27.450001
27.129999
27.09
26.92
26.9
26.83
26.860001
26.73
26.59
26.639999
26.459999
26.389999
26.27
26.15
26.84
26.969999
26.99
26.91
26.860001
27
27.290001
27.139999
27.190001
26.99
26.83
27.02
26.41
26.35
26.280001
26.4
26.5
27.790001
28
28.15
28.040001
27.68
27.540001
27.17
26.940001
26.91
26.66
26.690001
26.389999
26.65
26.879999
26.809999
26.700001
26.540001
26.719999
26.66
26.629999
27.049999
26.870001
27.139999
26.969999
26.93
26.91
27.059999
27.25
27
27.17
27.110001
27.23
27.360001
27.27
27.5
27.889999
27.74
27.15
26.85
27.01
27.01
26.9
27.02
27.23
27.209999
27.559999
27.639999
27.74
27.559999
27.25
27.290001
27.129999
27.200001
27.07
26.84
27.219999
27.030001
27.030001
27.15
27.110001
27.110001
27.1
27.25
24.15
24.290001
24.01
23.17
23.440001
23.799999
23.73
23.620001
23.77
23.219999
23.17
23.15
23.01
22.73
22.83
22.559999
22.879999
22.790001
23.5
23.74
23.719999
23.15
22.65
22.82
22.76
22.5
22.129999
22.040001
22.110001
21.92
21.709999
21.51
21.879999
22.07
22.1
22.549999
22.559999
23.08
22.879999
22.5
22.82
22.860001
23.16
23.469999
23.299999
23.700001
23.35
23.48
23.299999
23.5
23.1
22.639999
22.26
22.290001
22.48
22.74
23.4
22.85
23.870001
24
24.219999
24.370001
23.870001
24.25
24.059999
23.99
24.299999
24.209999
24.290001
24.219999
24.34
24.440001
24.459999
24.43
24.530001
24.620001
24.700001
24.700001
25.790001
26.120001
25.620001
25.67
25.74
25.85
25.950001
25.84
25.799999
25.700001
25.84
25.610001
25.610001
25.43
25.6
25.91
25.93
25.98
26.33
26.85
26.790001
26.860001
27.18
26.9
26.66
26.950001
27.200001
27.440001
27.4
27.35
27.360001
27.370001
27.940001
27.92
27.870001
27.719999
27.690001
27.540001
28.219999
28.370001
28.450001
28.440001
28.52
28.290001
28.43
28.450001
28.280001
28.309999
28.35
28.34
28.530001
28.709999
28.809999
28.77
28.73
28.84
28.950001
28.98
29.26
29.24
29.35
29.23
29.120001
29.469999
29.4
29.889999
29.92
29.92
29.76
29.48
29.389999
29.57
29.360001
29.120001
29.33
29.129999
28.99
28.85
29.4
29.540001
29.43
29.549999
30.07
30.190001
29.889999
29.99
30.09
29.98
29.639999
29.99
30.02
29.98
29.860001
29.860001
29.809999
29.639999
29.93
29.959999
29.66
30.700001
31.209999
31.16
31.1
31
31.110001
30.719999
30.74
31.09
30.450001
30.6
30.530001
30.48
30.860001
30.559999
30.190001
29.610001
29.51
29.370001
29.26
28.98
28.940001
29.01
29.4
29.459999
28.74
28.83
29.35
29.389999
28.9
29.07
27.870001
28.17
28.09
27.76
27.549999
27.83
27.610001
27.32
27.290001
27.440001
26.719999
27.4
27.280001
27.33
27.83
27.84
28.52
28.27
28.02
28.219999
27.719999
27.639999
27.75
27.870001
27.74
27.870001
28.5
28.549999
28.57
28.4
28.110001
28.540001
28.610001
28.73
28.85
28.6
28.690001
29.02
28.780001
28.790001
28.99
29.1
30.120001
29.940001
30.4
30.610001
30.969999
30.559999
30.709999
30.75
30.780001
30.58
30.889999
30.969999
30.9
31.07
30.98
30.83
31.049999
30.690001
30.58
30.17
30.48
30.790001
31.110001
30.690001
30.59
30.719999
30.58
30.290001
29.620001
30.049999
30.02
29.85
30.389999
30.52
30.49
30.51
30.459999
30.01
30.219999
29.49
29.49
29.52
29.870001
29.83
29.469999
29.74
30.02
29.99
29.969999
29.870001
29.33
29.49
30.07
29.82
30.030001
30.780001
30.92
31.51
31.16
31.190001
30.799999
30.709999
29.98
29.389999
29.4
28.99
29.299999
29.52
28.959999
29.540001
29.549999
30
29.299999
28.709999
28.629999
28.27
28.1
27.809999
28.25
28.26
28.07
28.219999
28.299999
28.809999
28.49
27.93
28.59
28.450001
28.73
28.809999
28.48
28.91
28.440001
28.48
28.93
28.93
29.16
29.040001
28.73
28.93
28.67
28.42
28.65
29.08
29.559999
29.5
29.49
29.459999
29.77
29.700001
29.450001
29.709999
29.84
29.84
30.1
30.23
29.91
30.17
30.040001
30.32
31.08
31.16
30.17
30.51
30.9
31.25
31.99
35.029999
34.57
35.57
36.810001
37.060001
37.060001
36.73
36.41
35.52
34.740002
33.73
33.380001
34.459999
33.93
33.759998
34.09
33.959999
34.580002
34.23
34.110001
32.970001
33.060001
33.700001
33.59
33.599998
32.919998
32.77
34.150002
34.549999
34.529999
34.759998
34.099998
34.470001
35.220001
35.310001
34.389999
34.740002
34.790001
35.52
36.060001
36.580002
36.610001
35.970001
36.119999
35.599998
35.220001
35.369999
34.380001
34.610001
33.450001
34.439999
34.330002
33.91
34.389999
34
33.23
33.110001
33.009998
31.959999
31.93
33.25
32.939999
32.720001
32.599998
32.200001
32.599998
30.450001
30.190001
29.07
28.52
28.120001
28.559999
28.209999
28.34
28.959999
28.5
28.42
28.17
28.219999
28.1
27.68
27.84
28.379999
28.26
27.93
27.200001
26.99
27.59
28.120001
27.57
27.870001
28.049999
29.280001
28.629999
28.620001
27.959999
28.299999
29.42
28.620001
29.18
29.17
29.139999
28.559999
28.049999
27.91
28.379999
29.5
29.16
29
29.16
29.16
28.75
28.889999
29.110001
28.280001
28.059999
28.25
28.950001
29.219999
30
30.42
30.25
31.450001
31.799999
29.83
28.99
28.639999
28.52
29.4
29.24
29.08
29.700001
29.209999
29.27
29.389999
29.99
29.780001
29.93
30.450001
29.99
29.459999
28.76
28.25
28.469999
28.049999
28.440001
28.18
28.309999
28.32
27.799999
27.309999
27.540001
28.299999
27.49
27.709999
27.889999
27.120001
28.24
29.07
28.93
28.799999
28.459999
28.93
28.23
27.969999
27.73
28.35
27.75
27.629999
27.51
26.870001
25.879999
25.98
26.030001
25.85
25.23
25.450001
25.25
25.15
26.15
27.26
27.52
25.860001
25.639999
25.799999
26.43
25.440001
26.16
25.5
26.110001
26.23
25.719999
25.440001
25.280001
26.209999
27.02
27.389999
28.129999
27.9
28.120001
27.91
27.91
27.809999
27.690001
27.32
27.290001
27.18
27.84
27.66
27.27
27.559999
27.940001
27.290001
27.1
26.9
26.35
25.65
26.120001
26.1
26.440001
27.34
27.620001
26.82
25.99
24.57
25.26
25.16
25.4
25.440001
25.719999
26.610001
27.4
25.01
26.690001
26.48
26.25
26.32
24.91
23.23
23.01
22.299999
21.5
25.5
24.1
22.66
24.190001
23.93
24.719999
23.360001
21.530001
22.32
21.959999
21.18
23.1
23
22.629999
22.33
22.620001
23.530001
22.08
20.879999
21.5
21.299999
21.200001
20.299999
21.25
20.059999
19.32
19.620001
18.290001
17.530001
19.68
20.690001
19.99
20.49
20.219999
18.610001
19.15
19.870001
19.110001
19.870001
21.01
20.6
20.610001
19.450001
19.360001
19.040001
20.110001
19.66
19.299999
19.120001
19.18
19.280001
19.17
19.129999
18.959999
19.34
19.440001
20.33
20.52
20.76
19.51
20.120001
19.52
19.469999
19.82
19.09
19.24
19.709999
18.48
19.379999
17.110001
17.200001
17.629999
17.66
18.040001
17.59
17.1
17.83
18.5
18.629999
19.040001
19.66
19.440001
18.799999
19.209999
19.26
19.09
18.09
18.120001
17.91
18
17.209999
17.17
16.959999
16.42
16.15
15.79
15.88
16.120001
15.27
15.28
15.15
16.48
17.110001
17.01
16.65
16.25
16.9
16.959999
17.139999
17.059999
18.33
17.93
17.879999
18.83
18.129999
17.48
18.370001
19.309999
19.290001
18.75
18.76
18.76
19.190001
19.67
19.59
19.35
18.83
19.76
19.200001
18.610001
18.969999
18.780001
18.92
20.91
20.4
19.93
20.25
20.26
20.24
20.190001
19.790001
19.790001
19.32
19.42
19.32
19.889999
19.75
20.059999
20.219999
20.6
20.309999
20.379999
19.82
19.75
20.34
20.129999
20.450001
20.889999
21.4
21.4
21.73
21.83
22.139999
22.049999
22.08
22.549999
22.83
23.33
23.42
23.450001
23.68
23.5
24.07
23.280001
23.34
23.469999
23.790001
23.35
23.860001
23.77
24.040001
23.370001
23.200001
22.530001
22.559999
22.440001
22.389999
23.23
23.110001
24.120001
24.440001
24.290001
24.530001
24.83
24.799999
25.559999
23.450001
23.110001
23.469999
23.799999
23.809999
23.52
23.83
23.77
23.809999
23.459999
23.559999
23.42
23.129999
23.530001
23.620001
23.690001
23.25
23.58
23.65
23.67
24.41
24.639999
24.639999
24.549999
24.690001
24.68
24.65
24
23.860001
24.110001
24.620001
24.82
24.780001
25
24.860001
25
25.200001
25.200001
25.299999
25.26
25.299999
25.77
25.709999
25.940001
25.549999
25.83
25.75
25.719999
24.879999
24.959999
24.639999
25.110001
25.1
25.67
25.549999
25.719999
25.809999
25.959999
26.709999
26.5
26.360001
26.370001
26.58
26.59
28.02
28.68
28.59
28.02
28.219999
27.73
27.879999
27.530001
28.059999
28.469999
28.52
28.99
29.01
29.120001
29.360001
29.629999
29.540001
30
30.110001
29.780001
29.620001
29.940001
29.91
29.790001
29.219999
29.41
30.01
29.780001
29.83
29.98
29.790001
29.57
29.709999
29.870001
29.85
30.110001
30.02
30.1
29.6
30.360001
30.52
30.82
30.92
31
31.17
31.389999
30.959999
30.48
30.950001
30.959999
30.77
30.450001
30.66
30.27
30.07
30.35
30.959999
30.860001
31.1
30.59
30.01
28.959999
29.32
29.5
29.67
29.16
28.18
28.41
28.459999
28.629999
27.84
28.02
27.719999
28.01
27.99
28.120001
27.93
28.35
28.59
28.969999
28.77
28.73
28.33
28.629999
28.6
28.67
29.02
28.459999
28.459999
28.629999
28.59
28.629999
28.799999
28.969999
29.18
29.27
29.290001
29.370001
29.629999
29.610001
29.59
29.6
29.879999
29.65
30.01
29.66
29.59
29.77
29.290001
29.16
29.27
29.32
29.35
29.92
30.34
30.32
30.450001
30.82
30.870001
30.67
31.040001
31.360001
31.33
31.389999
30.959999
31.110001
30.85
30.91
31
30.540001
30.860001
30.129999
29.85
28.98
28.209999
28.940001
28.879999
29.440001
29.24
28.93
28.940001
28.6
28.24
27.110001
26.84
26.27
26.07
25.01
26
25.799999
25.889999
26.459999
26.860001
25.790001
25.290001
25.110001
24.790001
25
25.66
25.5
26.58
26.32
26.370001
26.440001
25.950001
25.77
25.309999
25
24.530001
24.309999
23.309999
23.01
23.16
23.27
23.82
24.299999
24.41
24.27
24.83
25.129999
25.440001
25.51
24.889999
25.23
25.48
25.120001
25.84
25.809999
26.1
26.16
25.950001
26.030001
25.809999
26.33
26.16
25.73
25.370001
25.549999
25.610001
25.07
24.860001
24.49
24.4
24.5
24.709999
24.82
24.440001
24.23
24.280001
24.040001
24.1
23.82
23.93
23.639999
23.469999
23.9
23.940001
24.290001
23.959999
23.93
24.01
23.85
25.110001
25.030001
25.120001
25.33
25.219999
25.43
25.15
24.610001
24.43
24.780001
24.73
24.68
24.5
24.49
24.379999
23.91
24.35
24.43
24.530001
24.57
24.59
24.83
25.34
25.23
25.540001
25.82
25.1
25.309999
25.42
25.379999
25.190001
25.9
26.049999
26.280001
26.67
26.950001
27.389999
27.030001
27.139999
26.85
26.809999
26.950001
26.940001
26.68
26.27
26.200001
25.809999
25.57
25.84
25.690001
25.73
25.120001
25.370001
25.25
25.309999
25.26
26.040001
26.889999
27.02
26.84
26.870001
27.23
27.08
27.34
27.25
27.620001
27.85
27.99
27.9
27.809999
28.07
28.190001
28.299999
28.07
28.01
27.969999
27.85
27.91
27.98
28.09
28
28.82
28.6
28.219999
28.110001
28.549999
28.190001
28.299999
28.66
28.469999
28.35
28.02
28.379999
28.450001
28.780001
28.870001
27.75
27.73
27.99
27.940001
27.65
27.77
28.200001
28.280001
27.969999
27.5
27.25
27.23
26.959999
27.02
27.209999
27.059999
26.59
26.59
26.77
26.549999
26.58
26.16
26.08
26.200001
25.950001
25.719999
25.91
25.889999
25.41
25.68
25.690001
25.389999
24.790001
24.780001
24.799999
25.33
25.299999
25.540001
25.809999
25.620001
25.41
25.49
25.610001
25.389999
25.48
25.549999
25.780001
26.15
26.200001
26.07
25.98
25.639999
25.629999
25.42
25.370001
25.08
25.15
25.76
25.52
25.610001
26.190001
26.379999
26.709999
25.92
25.66
25.809999
26.059999
25.790001
25.870001
25.83
25.67
25.360001
25.32
25.030001
24.57
24.52
24.690001
24.719999
24.49
24.17
24.15
24.190001
24.67
24.76
25.01
24.43
24.219999
23.91
24.01
24.059999
23.940001
23.959999
23.709999
24.040001
24.219999
23.74
24
24.26
24.469999
24.76
24.65
24.629999
24.299999
25.200001
25.799999
25.620001
26
26.02
26.030001
26.33
26.77
26.92
26.629999
26.540001
26.629999
26.469999
26.780001
26.59
27.540001
27.059999
27.1
27.530001
27.91
28.08
27.33
27.719999
27.4
27.27
26.799999
26.92
25.940001
25.68
24.48
25.58
24.200001
25.190001
25.1
25.51
25.35
25.25
24.67
24.049999
23.98
24.719999
24.9
24.57
25.25
25.84
26.23
26.6
26.209999
25.799999
25.51
26
26.219999
25.74
25.889999
26.040001
26.5
26.99
27.120001
27.209999
26.98
25.99
25.059999
25.059999
25.440001
25.67
25.58
25.450001
24.889999
24.530001
25.34
25.889999
26.34
26.25
26.940001
27
26.959999
27.18
27.27
26.98
27.309999
27.129999
27.040001
27.16
27.190001
26.809999
26.59
27.25
26.98
26.629999
25.99
26.01
26.530001
26.25
26.799999
27.16
26.200001
26.280001
26.91
26.76
26.74
26.07
25.540001
25.299999
25
24.790001
24.469999
24.299999
24.870001
24.84
25.58
25.280001
25.219999
25.700001
25.66
25.6
25.4
25.700001
25.51
25.76
25.59
25.559999
26
25.530001
26.030001
25.76
25.809999
26.030001
26.040001
25.82
26.02
25.959999
26.77
27.4
27.68
28.110001
27.74
27.84
27.719999
28
28.25
28.26
28.23
28.120001
29.709999
29.73
29.34
29.559999
29.5
29.23
29.610001
29.530001
29.889999
29.950001
30.24
30.200001
30.35
30.66
30.77
30.5
30.58
30.25
30.049999
31.290001
31.25
31.440001
31.27
31.370001
31.48
31.35
31.870001
31.74
32.290001
32.080002
31.799999
31.559999
31.84
32.009998
31.99
32.040001
32.669998
32.77
32.849998
32.599998
32.200001
31.99
31.91
32
32.009998
32.59
32.52
32.189999
32.119999
32.259998
32.290001
31.940001
31.209999
31.52
31.1
30.469999
30.35
30.98
30.809999
31.08
31.440001
31.139999
31.01
32.419998
32.119999
31.92
32.200001
32.110001
31.98
32.02
32.009998
31.799999
31.76
30.98
30.65
30.5
30.76
30.74
31.16
30.68
30.209999
29.9
29.719999
29.27
29.75
29.76
29.110001
29.07
29.059999
29.559999
29.34
29.190001
28.450001
28.549999
28.51
29.35
29.23
29.65
28.9
29.290001
29.129999
29.34
30.02
29.84
30.700001
30.93
30.139999
30.700001
29.870001
30.02
30.17
29.91
30.59
30.559999
30.76
30.700001
30.190001
30
29.74
29.299999
28.629999
29.389999
29.440001
29.66
30.450001
30.67
30.120001
29.280001
29.15
28.83
29.16
29.76
29.639999
29.469999
29.41
29.190001
29.75
29.950001
30.26
30.33
30.5
30.42
30.389999
30.129999
30.200001
30.780001
30.9
30.74
30.799999
30.540001
30.26
30.559999
30.690001
30.629999
30.65
30.32
30.82
30.389999
30.389999
31.35
30.950001
30.719999
30.790001
30.780001
30.940001
31.209999
31.209999
31.18
31.049999
31.450001
31.190001
30.780001
30.389999
30.17
30.16
29.76
29.49
29.66
29.860001
30.030001
29.85
29.780001
29.280001
28.98
28.950001
29.200001
29.51
29.49
29.59
29.5
28.639999
28
28.049999
27.9
27.879999
28.209999
28.540001
29.52
29.5
29.629999
29.860001
29.08
28.809999
28.83
28.219999
27.09
26.84
26.66
26.52
26.73
26.709999
26.950001
27.700001
27.389999
27.08
27.360001
26.950001
26.620001
26.43
26.370001
26.67
26.73
26.459999
26.940001
27.32
27.24
27.110001
26.809999
27.1
27.559999
27.309999
27.68
27.450001
27.059999
26.860001
26.959999
26.549999
26.709999
27.620001
27.25
26.74
26.690001
26.549999
26.700001
26.459999
26.83
26.889999
27.209999
27.040001
27.25
27.25
27.15
27.610001
27.629999
27.879999
27.91
28.01
27.85
27.450001
27.93
27.440001
27.5
27.34
27.280001
27.549999
27.860001
27.879999
28.030001
28.040001
28.01
28.049999
27.870001
27.49
27.76
27.370001
27.370001
27.809999
27.799999
27.950001
28.15
28.35
28.09
28.139999
28
27.870001
27.91
27.92
28.139999
28.040001
28.1
28.18
28.32
28.110001
28.25
28.16
28.16
28.370001
28.610001
28.610001
28.799999
28.559999
28.6
28.700001
28.59
29.610001
30.280001
28.940001
28.790001
28.690001
28.969999
28.83
28.790001
29.77
30.83
30.6
31.76
31.940001
31.790001
32.610001
33.099998
32.720001
33.16
33.490002
33.75
33.310001
32.990002
32.66
32.689999
33.029999
33.529999
33.849998
34.080002
34.869999
35.080002
34.849998
34.610001
34.150002
34.27
35.02
34.880001
35.029999
34.900002
35.59
34.990002
34.779999
34.959999
35.669998
35.470001
34.84
35
34.720001
34.400002
35
34.98
34.59
33.490002
33.27
33.720001
33.669998
34.349998
34.619999
34.540001
34.360001
33.939999
34.009998
34.209999
34.330002
34.349998
34.700001
35.689999
35.669998
36.169998
36.27
35.740002
35.439999
31.4
32.009998
31.82
31.959999
31.389999
31.620001
31.540001
31.85
31.84
31.67
31.889999
31.700001
31.58
32.060001
32.889999
32.700001
32.869999
32.23
32.349998
31.790001
31.799999
31.389999
31.620001
31.610001
32.389999
34.75
34.150002
33.259998
33.02
33.549999
33.400002
31.879999
31.200001
31.23
31.15
31.66
32.389999
32.740002
32.689999
33.029999
32.799999
32.93
33.32
33.639999
32.790001
32.740002
32.450001
32.509998
32.77
33.27
33.279999
33.580002
33.919998
33.860001
33.880001
33.299999
33.009998
33.07
33.759998
34.130001
34.450001
34.490002
34.639999
34.919998
34.959999
34.990002
34.580002
33.759998
33.720001
35.73
35.57
35.52
35.540001
35.41
35.529999
35.939999
36.639999
38.18
37.5
37.779999
37.59
37.360001
38.16
38.02
37.84
37.200001
36.740002
37.080002
37.400002
37.57
37.639999
37.349998
37.599998
38.130001
38.450001
38.310001
38.939999
38
38.360001
38.709999
38.110001
37.610001
37.220001
36.689999
36.889999
36.52
36.580002
36.25
36.799999
36.619999
37.080002
37.439999
37.290001
37.290001
37.41
37.16
36.91
36.130001
36.41
35.759998
35.529999
36.040001
34.98
35.779999
36.759998
36.889999
36.380001
36.169998
35.93
36.060001
36.810001
36.029999
36.27
36.66
36.860001
37.84
36.48
36.349998
35.82
36.18
36.560001
36.799999
37.169998
37.470001
37.610001
37.619999
37.419998
37.509998
37.75
37.98
37.689999
37.540001
37.470001
37.860001
38.310001
37.779999
38.41
38.110001
38.150002
37.900002
37.82
38.02
38.27
37.889999
37.700001
38.049999
39.549999
39.27
40.330002
40.16
40.5
40.34
39.790001
39.360001
40.299999
40.990002
41.419998
41.349998
41.009998
39.869999
39.799999
39.82
40.470001
39.360001
39.209999
39.18
39.75
40.400002
40.009998
39.939999
39.990002
39.689999
39.860001
39.91
40.869999
40.509998
40.400002
40
39.689999
39.43
39.060001
39.419998
39.639999
39.540001
39.970001
40.419998
40.240002
39.599998
39.830002
39.75
39.68
40.349998
40.099998
40.119999
40.189999
40.009998
40.34
40.939999
40.790001
40.290001
40.32
41.209999
41.48
41.27
41.110001
40.860001
40.580002
41.23
41.5
41.68
41.650002
41.509998
41.68
41.990002
41.75
42.029999
41.720001
42.25
41.700001
41.869999
41.900002
41.799999
41.990002
41.779999
41.669998
41.689999
42.09
42.139999
42.450001
44.080002
44.529999
44.689999
44.84
44.830002
44.869999
44.400002
44.5
43.970001
43.889999
43.580002
43.16
42.860001
43.369999
43.080002
42.740002
43.23
43.200001
43.200001
43.52
44.080002
44.27
44.790001
45.110001
45.330002
44.950001
45.220001
45.150002
45.169998
45.009998
44.869999
44.880001
45.43
45.09
44.959999
45.259998
45.91
46.470001
46.759998
46.84
47
46.700001
46.240002
46.759998
46.52
46.68
47.52
47.060001
46.560001
47.080002
46.040001
46.41
46.439999
46.360001
45.900002
45.759998
46.09
46.09
45.529999
46.779999
45.849998
44.029999
43.650002
43.73
43.220001
42.740002
43.630001
44.080002
44.880001
44.380001
45.02
46.130001
45.91
46.490002
46.619999
46.049999
46.950001
47.439999
47.57
47.860001
48.700001
48.68
48.889999
48.869999
48.779999
49.610001
49.580002
49.459999
48.740002
48.220001
48.700001
47.98
47.59
47.470001
47.75
47.810001
48.619999
48.459999
48.080002
48.84
48.419998
47.700001
47.59
46.900002
47.169998
46.950001
46.669998
45.16
45.740002
47.52
47.66
47.98
48.450001
48.139999
47.880001
47.450001
47.02
46.450001
46.759998
46.330002
45.650002
46.23
47.59
47.189999
46.599998
46.360001
45.959999
45.48
46.240002
46.389999
45.919998
47.130001
47.18
47.009998
42.66
41.189999
42.009998
40.400002
41.279999
41.599998
41.84
42.450001
42.41
42.360001
42.599998
42.380001
43.09
43.869999
43.580002
43.529999
43.5
43.860001
44.150002
44.09
43.990002
44.060001
43.849998
43.880001
43.279999
43.060001
43.110001
42.360001
42.849998
42.029999
41.98
41.02
41.380001
41.560001
41.700001
42.5
42.290001
42.880001
42.860001
42.900002
41.459999
41.209999
40.970001
40.959999
40.66
40.720001
40.290001
41.549999
41.529999
41.419998
41.48
41.720001
41.759998
41.650002
42.259998
42.16
41.619999
42.91
42.639999
42.990002
43.34
47.869999
48.029999
49.16
49.060001
48.639999
48.66
48.240002
47.599998
46.279999
46.700001
47.75
47.369999
47.349998
47.630001
48.720001
48.299999
48.009998
47.580002
47.580002
47.419998
46.900002
46.59
47.610001
47.450001
46.860001
47.23
46.919998
46.849998
46.360001
46.139999
45.73
45.650002
46.610001
46.439999
45.970001
45.48
45.830002
45.970001
46.720001
46.099998
46.23
45.91
45.639999
45.650002
45.259998
44.369999
44.150002
44.450001
44.400002
44.389999
44.299999
44.240002
44.52
44.610001
45.540001
45.619999
45.759998
46.66
46.619999
46.919998
47.279999
45.540001
46.110001
45.939999
45.349998
45.34
46.290001
46.880001
46.700001
46.810001
47.540001
47.580002
46.619999
46.740002
47.330002
46.41
46.740002
46.73
47
47.32
47.27
46.610001
45.66
43.07
41.68
40.470001
42.709999
43.900002
43.93
43.52
41.82
43.360001
43.5
42.610001
43.889999
43.07
43.290001
43.48
43.040001
43.98
44.299999
44.25
43.48
44.110001
43.900002
43.869999
43.91
43.939999
43.290001
43.439999
44.259998
44.610001
45.57
46.630001
46.75
46.799999
47.450001
47.110001
47
46.889999
46.68
47.009998
47.509998
47.619999
47.77
47.200001
48.029999
52.869999
54.25
53.689999
53.98
53.360001
52.639999
53.240002
54.150002
54.400002
54.380001
54.919998
54.16
53.509998
53.650002
53.32
52.84
53.77
52.970001
53.849998
53.939999
54.189999
54.189999
54.25
53.689999
53.93
54.349998
55.220001
55.209999
54.200001
55.91
55.810001
55.790001
54.98
55.27
54.060001
55.139999
55.200001
56.130001
55.700001
54.130001
54.830002
55.349998
55.82
55.669998
55.950001
56.549999
56.310001
55.48
54.799999
55.049999
54.049999
52.169998
52.330002
52.299999
52.779999
51.639999
53.110001
50.990002
50.560001
50.790001
50.48
52.290001
51.790001
52.169998
51.220001
52.060001
55.09
54.709999
53
52.16
52
50.16
49.41
49.279999
49.709999
49.689999
50.5
51.09
52.419998
52.189999
51.82
52.650002
51.18
51.360001
52.099998
51.299999
50.880001
52.580002
52.950001
52.349998
52.029999
51.029999
51.650002
52.84
52.049999
53.07
53.169998
53.59
54.349998
54.66
53.490002
53.860001
54.07
53.970001
54.209999
53.540001
54.709999
55.049999
55.23
55.57
55.43
54.560001
55.119999
54.459999
54.419998
54.310001
54.650002
55.349998
55.360001
55.650002
56.459999
56.389999
55.59
55.779999
51.779999
52.110001
51.439999
50.939999
49.900002
49.869999
50.610001
49.779999
49.869999
49.939999
50.389999
50.07
51.02
51.049999
51.509998
51.080002
51.830002
50.509998
50.810001
50.32
50.619999
50.029999
51.59
52.119999
51.889999
52.32
53
52.849998
52.48
51.790001
52.130001
52.099998
52.040001
51.619999
51.48
50.139999
49.830002
49.689999
50.389999
50.130001
50.07
51.189999
50.990002
51.91
49.830002
48.43
49.439999
50.540001
51.169998
51.16
51.169998
51.380001
51.380001
52.299999
52.59
53.209999
53.509998
53.740002
53.700001
53.959999
53.09
55.91
55.799999
56.57
56.73
56.759998
56.189999
56.209999
56.68
56.580002
56.580002
56.970001
57.389999
57.959999
58.060001
58.200001
58.02
58.299999
57.939999
58.119999
57.439999
57.560001
57.599998
57.619999
57.669998
57.889999
57.950001
58.169998
58.029999
58.099998
57.889999
57.459999
57.59
57.669998
57.610001
57.66
57.43
56.209999
57.049999
56.529999
56.259998
57.189999
57.25
56.93
56.810001
57.759998
57.82
57.43
56.900002
57.950001
58.029999
57.400002
57.599998
57.419998
57.240002
57.639999
57.740002
57.799999
58.040001
57.189999
57.110001
56.919998
57.419998
57.220001
57.66
57.529999
57.25
59.66
61
60.990002
60.630001
60.099998
59.869999
59.919998
59.799999
59.43
59.209999
58.709999
60.419998
60.470001
60.169998
58.700001
59.02
58.119999
58.869999
59.650002
60.639999
60.349998
60.860001
61.119999
60.400002
60.529999
60.610001
61.09
60.259998
59.200001
59.25
60.220001
59.950001
61.369999
61.009998
61.970001
62.169998
62.98
62.68
62.580002
62.299999
63.619999
63.540001
63.540001
63.549999
63.240002
63.279999
62.990002
62.900002
62.139999
62.580002
62.299999
62.299999
62.84
62.639999
62.619999
63.189999
62.610001
62.700001
62.529999
62.5
62.299999
62.740002
62.959999
63.52
63.68
64.269997
65.779999
65.129997
64.650002
63.580002
63.169998
63.68
63.639999
63.43
63.34
64.059998
64
64.720001
64.57
64.529999
64.519997
64.620003
64.489998
64.360001
64.620003
64.620003
64.230003
63.98
64.940002
64.010002
64.25
64.269997
64.400002
64.989998
64.730003
64.93
64.709999
64.410004
64.75
64.639999
64.870003
64.93
64.209999
65.029999
64.870003
64.980003
65.099998
65.290001
65.470001
65.709999
65.860001
65.550003
65.730003
65.559998
65.730003
65.68
65.529999
65.480003
65.230003
64.949997
65.480003
65.389999
65.040001
65.5
66.400002
67.529999
67.919998
67.830002
68.269997
68.459999
69.410004
69.300003
69.080002
68.809998
69
68.940002
69.040001
69.309998
68.459999
68.379997
68.43
69.410004
67.480003
67.709999
67.690002
68.449997
68.68
68.769997
69.620003
69.959999
70.410004
69.839996
70.099998
71.760002
72.279999
72.519997
72.389999
71.949997
70.32
69.779999
70.650002
70.269997
69.900002
70
70.870003
69.910004
70.269997
70.260002
71.209999
70.529999
69.209999
69.800003
68.489998
68.93
68.169998
69.080002
68.57
69.459999
69.980003
69.989998
71.150002
71.769997
72.779999
73.349998
73.300003
73.860001
74.220001
73.790001
73.599998
74.190002
74.050003
73.160004
73.040001
72.699997
72.580002
72.260002
72.150002
72.68
72.400002
72.790001
72.470001
71.410004
72.5
73.589996
73.220001
73.650002
72.400002
72.489998
72.150002
73.160004
72.720001
72.690002
72.82
72.830002
73.050003
74.010002
74.769997
73.940002
73.610001
73.400002
74.339996
73.980003
74.760002
74.68
75.209999
74.769997
75.309998
75.160004
75.440002
74.940002
74.209999
74.410004
73.260002
73.260002
73.849998
73.870003
74.489998
74.610001
74.260002
74.690002
75.970001
76
76.290001
76.290001
76.419998
77.120003
77.489998
77.650002
77.589996
77.610001
77.910004
78.809998
78.830002
78.860001
78.629997
78.760002
83.809998
83.889999
83.18
83.18
84.050003
84.139999
84.470001
84.269997
84.559998
84.089996
83.870003
83.93
84.050003
82.980003
83.199997
82.400002
82.529999
83.720001
83.110001
83.260002
83.870003
84.879997
83.339996
84.169998
84.260002
81.080002
81.589996
82.779999
82.489998
84.160004
85.230003
85.580002
85.349998
84.690002
86.849998
86.379997
85.830002
85.519997
85.5
85.510002
85.400002
85.709999
85.720001
85.540001
85.949997
86.349998
87.110001
88.190002
88.279999
88.220001
87.82
88.080002
89.599998
88.349998
90.139999
90.099998
90
91.610001
91.900002
91.82
92.330002
94.059998
93.919998
92.739998
95.010002
94.260002
91.779999
88
91.330002
89.610001
85.010002
88.18
89.129997
89.830002
90.809998
92.660004
92
92.720001
91.489998
91.730003
94.059998
95.419998
94.199997
93.769997
92.849998
93.050003
93.639999
93.32
93.860001
94.43
96.540001
96.769997
94.410004
93.849998
94.18
94.599998
92.889999
93.129997
92.480003
89.790001
87.18
93.779999
89.470001
89.389999
91.269997
88.519997
89.709999
92.330002
92.379997
90.230003
90.769997
92.879997
91.860001
93.580002
93.080002
94.169998
96.07
96.440002
96.110001
95
95.349998
93.120003
92.309998
94.260002
95.82
93.519997
95
93.510002
94.07
95.160004
96.220001
95.809998
96.940002
97.910004
97.699997
98.029999
97.32
97.150002
96.18
96.360001
97.599998
97.5
98.660004
98.309998
98.360001
98.010002
98.949997
98.839996
100.790001
101.669998
102.190002
102.489998
100.879997
101.629997
101.050003
101.309998
100.849998
101.419998
100.129997
100.860001
100.860001
101.870003
101.139999
100.410004
98.389999
99.080002
97.540001
98.629997
98.610001
100.010002
99.050003
99.760002
101.160004
101.849998
102.120003
101.980003
104.190002
105.43
104.910004
105.949997
105.120003
104.400002
106.269997
107.970001
107.660004
110.830002
109.620003
107.68
105.370003
106.080002
106.279999
107.57
108.040001
108.129997
108.879997
109.489998
109.669998
109
108.209999
109.559998
107.660004
107.639999
107.580002
106.870003
105.980003
107.059998
107.559998
108.400002
109.599998
110.260002
112.019997
111.949997
112.330002
111.709999
108.489998
108.739998
108.209999
109.379997
111.239998
111.709999
112.910004
113.370003
112.139999
113.209999
111.699997
113.57
114.260002
114.669998
114.449997
113.980003
114.410004
114.370003
115.610001
115.150002
115.169998
112.790001
112.129997
110.849998
112.260002
106.160004
105.910004
109.57
107.599998
111
110.709999
108.5
108.660004
109.629997
108.099998
102.32
108.300003
106.959999
103.849998
103.730003
106.809998
105.919998
106.160004
107.510002
107.720001
111.959999
111.75
109.57
106.870003
106.940002
104.970001
107.279999
108.290001
104.620003
101.709999
103.110001
103.07
106.470001
107.139999
111.120003
110.190002
110.889999
112.089996
108.519997
109.190002
104.82
107.589996
108.589996
109.080002
109.449997
106.029999
102.889999
103.970001
103.690002
101.510002
98.230003
94.129997
100.559998
101.18
100.389999
101.57
101.120003
97.400002
101.93
102.059998
102.800003
104.269997
103.599998
102.800003
102.050003
105.010002
105.379997
106.120003
107.709999
105.68
106.709999
106.199997
107.169998
105.080002
102.940002
106.379997
104.43
102.779999
105.739998
107.220001
106.029999
105.269997
105.669998
105.25
106.889999
106.809998
106.900002
108.220001
108.169998
107.150002
109.410004
110.970001
111.589996
112.360001
112.169998
112.029999
112.529999
112.260002
111.699997
111.75
110.389999
110.510002
112.830002
113.620003
