44.12
45.53
45.22
48.03
49.27
51.84
51.32
51.46
51.89
50.81
49.05
46.13
45.92
50.89
50.48
50.91
50.62
52.06
52.33
50.73
52.06
51.31
51.83
52.02
49.06
48.69
48.5
48.29
50.29
48.67
48.64
50.22
50.3
51.75
53.26
53.16
55.07
56.63
56.02
55.99
56.52
56.84
56.25
56.33
56.51
57.12
59.1
58.02
58.7
59.05
61.28
63.47
64.98
66.6
67.67
66.15
67.68
67.77
67.61
68.94
70.52
71.71
70.62
68.49
70.52
68.95
69.96
70.48
66.13
66.36
68.47
68.82
68.1
69.75
68.11
68.52
65.74
63.12
61.54
59.71
59.17
58.43
58.25
60.48
61.25
62.02
63.54
64.64
65.93
65.36
68.06
68.82
69.78
68.53
65.79
68.82
70.08
72.9
73.82
74.39
74.61
74.21
73.79
71.58
74.03
73.76
71.33
68.65
68.66
72.81
73.75
73.71
74.34
73.1
70.74
70.68
72.8
69.02
68.78
67.6
66.78
65.84
69.2
69.76
68.96
68.76
66.91
66.53
68.51
71.56
70.72
68.11
69.65
67.43
64.99
64.6
65.43
64.63
65.82
67.12
66.5
65.26
68.51
67.65
68.47
69.45
70.75
70.81
72.16
73.14
74.58
75.86
76.51
77.74
78.36
77.72
76.45
76.69
75.11
77.18
74.91
75.56
75.68
78.21
78.02
75.51
77.18
77.07
76.99
75.18
74.81
77.14
77.36
78.64
76.45
75.61
78.14
75.35
76.57
76
77.77
78.68
76.96
77.76
77.74
76.18
74.93
73.63
70.91
70.07
71.19
71.33
73.34
71.28
71.87
72.74
71.64
73.87
75.15
76.59
76.65
77.62
77.91
79.05
79.27
80.14
80.57
80.06
80.14
79.38
77.57
77.61
76.85
75.18
75.09
74.13
72.73
72.18
72.63
72.75
70.65
71.2
71.58
73.94
75.77
71.3
70.11
69.62
70.4
70.4
72.35
71.49
74.82
74.89
76.61
76.88
76.95
76.44
77
74.38
76.36
76.07
77.5
78.66
77.88
79.2
78.94
78.77
80.29
79.44
79.38
77.08
79.45
80.28
80.09
78.37
78.09
79.17
78.03
78.64
77.98
79.89
79.46
80.37
82.63
84.48
85.05
84.49
82.63
82.77
85.21
83.44
85.81
86.9
84.81
83.09
84.73
84.55
84.58
86.09
86.72
85.59
84.59
86.82
86.19
88.09
85.39
82.31
80.21
76.48
78.08
79
78.7
79.41
76.43
73.87
75.12
71.86
69.56
70.45
69.62
67.18
70.59
73.56
73
73.08
72.78
73.12
71.84
71.09
71.43
73.68
74.33
73.28
75.11
75.29
76.12
77.52
77.05
78.53
78.08
75.22
75.17
76.21
76.66
74.21
74.94
71.73
71.75
73.08
72.97
74.56
75.2
74.35
76.45
76.63
75.52
75.55
76.29
76.31
75.75
77.59
77.27
77.9
75.52
76.66
78.6
77.5
81.93
83.6
83.76
82.9
81.28
81.54
79.89
77.83
76.63
75.14
74.56
76.74
75.1
74.84
73.48
73.08
70.61
70.74
74.5
75.16
76.05
75.51
75.53
74.93
75.03
75.78
77.48
77.87
77.54
78.52
78.89
78.46
78.89
77.43
79.42
78.76
77.29
77.69
78.73
77.71
79.14
78.79
80.77
82.69
83.42
83.35
85.01
83.67
83.88
83.08
82.99
84.01
83.55
81.94
82.3
81.12
81.68
81.28
80.75
81.91
82.62
81.27
82.97
82.47
84.06
84.71
85.33
86.83
87.05
87.15
87.93
87.92
88.08
86.07
85.49
83.98
83.36
83.7
83.17
82.34
82.37
84.53
84.78
85.9
86.02
88.56
89.37
90.65
91.25
90.78
89.74
89.93
89.54
90.4
90.63
91.33
91.09
91.11
91.31
93.11
93.55
93.63
93.08
93.52
93.52
92.5
93.23
95.82
93.52
95.07
94.95
94.25
95.05
96.8
97.86
97.86
97.86
97.83
98.42
96.27
96.84
96.76
96.76
96.04
96.48
97.06
98.97
100.4
101.3
101.69
99.43
99.44
99.25
100.16
100.74
99.93
103.12
102.48
102.78
103.45
102.2
106.82
109.77
113.91
111.47
112.27
113.34
116.89
114.42
115.71
116.58
112.32
115.19
114.07
114.07
112.95
111.11
110.96
114.18
114.13
114.92
115.63
115.65
115.41
115.45
115.95
115.58
115.35
116.94
118.63
120.07
122.87
123.01
122.9
126.3
126.46
121.33
122.7
122.74
124.63
121.69
121.35
124.26
123.64
124.55
124.94
126.59
126.64
124.01
121.55
111.93
113.69
113.21
117.82
115.66
112.87
113.08
113.72
109.39
112.54
113.2
111.25
110.13
112.52
114.47
115.06
114.85
117.18
116.15
114.3
115.09
115.4
116.14
118.43
119.95
118.71
120.49
120.35
114.67
114.69
113.74
112.21
112.02
113.59
108.27
104.79
104.57
107.57
111.49
111.71
109.82
113.21
113.55
117.4
117.4
117.35
117.36
118.46
117.38
118.06
117.05
118.18
118.52
118.25
118.99
118.27
118.14
117.99
118.16
115.93
116.37
116.02
113.74
110.22
106.92
103.06
103.63
103.84
107.82
108.17
108.89
109.69
111.37
108.36
109.37
108.83
110.35
111.91
111.91
112.29
115.59
116.48
116.43
115.92
113.29
117.5
117.99
115.1
114.75
114.08
113.1
116.71
116.26
112.89
114.39
114.26
109.21
109.17
107.9
109.54
108.52
107.08
105.42
103.61
101.84
103.77
104.38
106.56
109.49
109.22
112.44
112.45
114.33
112.92
112.08
111.76
109
111.6
111.67
112.11
110.43
112.45
110.01
108.43
106.97
110.82
110.76
112.22
114.75
115.61
115.29
113.32
114.43
112.57
111.9
111.91
109.25
107.82
105.98
107.77
106.83
106.08
109.38
111.25
111.22
108.83
109.59
110.18
110.16
110.07
108.23
107.91
107.82
109.25
105.72
104.52
104
104.55
107.8
108
108.98
109.28
107.54
106.89
108.09
111.12
113.37
113.59
111.96
111.07
113.3
111.66
112.97
109.88
110.55
109.81
109.54
108.5
109.46
108.38
108.48
109.08
110.5
110.24
110.26
111.96
110.96
112.56
115.47
116.86
117.18
118.4
118.13
118.73
118.3
120.25
121
120.69
120.85
123.07
124.53
124.89
126.46
124.02
122.23
125.76
125.93
126.68
125.03
125.37
127.96
128.08
127.27
128.14
126.98
123.63
125.09
125.76
124.38
123.89
122.49
125.21
125.85
125.25
124.41
123.23
123.41
124.44
123.04
123.58
121.89
120.41
120.57
120.62
118.23
117.41
115.18
117
118.08
116.66
117.74
117.45
119.33
119.3
118.66
119.57
117.57
115.91
111.66
110.48
111.89
112.24
112.5
110.79
111.4
109.8
109.31
108.03
109.02
109.76
106.88
107.2
107.86
107.55
103.85
103.86
98.63
97.74
98.65
101.14
100.05
97.57
98.6
96.59
97.29
96.46
97.13
95.21
95.14
93.5
89.22
89.22
88.69
90.19
92.06
91.02
94.17
95.28
99.89
101.54
98.5
99.94
99.15
99.23
99.18
101.91
102.1
104.21
105.92
107.79
106.98
103.91
103.57
102.35
104.77
106.3
106.54
105.93
106.78
107.55
109.57
110.01
112.39
113.42
113.52
113.13
114.48
113.9
115.51
116.12
115.2
115.5
116.03
115.77
117.45
115.76
113.74
112.62
112.53
112.28
113.93
114.98
113.32
114.5
113.64
113.84
114.86
114.86
116
117.48
116.7
113.29
108.49
109.41
111.27
109.2
110.77
108.99
111.45
111.36
112.58
112.49
109.32
110.48
112.17
112.6
114.32
116.11
116.18
115.17
115
115
113.49
112.58
111.89
109.62
107.53
107.66
107.64
108.9
109.33
109.4
109.89
108.84
106.79
105.59
109.27
108.21
107.23
108.61
110.23
108.82
109.66
110.07
106.81
110.06
110.01
110.81
110.14
110.18
109.33
108.26
110.47
110.84
111.27
109.99
108.96
108.01
107.16
108.25
107.6
110.17
110.18
109.28
109.35
109.96
109.95
110.57
109.13
108.44
110.72
110.04
110.05
110.8
112.98
113.03
112.58
112.49
113.03
113.07
112.97
110.3
111.32
111.72
110.97
111.01
111.71
112.72
113.68
114.59
113.88
113.92
115.22
115.42
115.55
115.55
116.06
117.03
116.61
117.17
118.9
118.29
117.89
118.43
118.48
117.4
117.04
116.23
114.19
113.74
114.55
112.96
112.24
112.2
110.14
109.9
110.42
110.27
110.42
108.91
108.64
108.48
107.51
108.1
109.32
108.54
106.91
108.27
106.41
106.51
106.66
107.1
108.51
108.46
108.76
109.66
107.82
105.09
103.98
103.16
104.08
104.8
103.62
100.58
99.32
97.88
96.84
97.48
98.94
99.07
99.25
100.71
101.62
102.39
102.88
101.53
98.34
100.32
104.6
105
105.18
103.79
103.59
101.31
102.17
102.7
101.57
104.27
103.83
104.55
103.1
102.14
100.46
101.24
103.77
102.14
101.79
100.43
101.63
102.04
103.51
103.37
104.07
103.87
101.5
103.11
103.38
105.1
105.8
105.21
105.56
102.72
100.36
99.8
101.51
100.62
102.74
102.49
103.19
103.96
106.12
107.46
107.75
107.9
108.43
108.18
109.03
109.05
109.29
109.67
109.71
109.34
108.82
109.27
108.23
108.1
107.57
108.1
107.47
107.89
109.94
109.63
109.81
108.77
108.39
107.32
108.49
109.28
110.69
110.26
111.58
111.82
111.41
110.74
110.82
110.51
112.12
112.23
115.21
116.27
116.91
115.97
115.49
115.65
115.81
117.15
115.2
112.1
112.37
113.11
113.31
110.86
109.05
109.09
110.66
110.22
108.56
107.68
109.46
108.86
109.45
107.85
107.32
109.09
109.49
109.42
109.66
110.56
109.02
111.63
110.65
110.13
110.67
110.79
109.55
109.4
109.47
109.57
107.74
106.63
105.7
108.29
108.04
108.41
107.53
105.78
104.85
105.01
105.46
103.08
104.29
105.76
106.29
106.9
108.29
108.25
108.8
108.29
108.27
109.9
111.36
110.83
112.04
111.32
111.07
111.49
113.06
113.27
112.07
111.5
110.07
108.91
109.47
108.99
108.08
110.3
108.91
109.56
110.78
112.15
111.58
111.57
111.65
112.06
110.47
109.95
107.94
106.57
106.71
107.01
107.42
107.49
106.44
108.02
107.12
108.09
107.46
108.45
108.01
109.17
109.69
109.69
109.14
108.72
109.1
108.83
109.36
108.16
106.55
107.04
106.81
108.15
110.12
110.18
109.21
108.62
108.98
108.63
110.14
110.37
109.42
109.03
109.76
109.19
109.39
108.54
108.98
111.26
109.17
108.15
107.99
109.14
108.27
108.35
107.88
107.48
108.08
106.99
106.79
105.95
105.73
107.2
106.59
107.01
105.9
106.58
106.64
105.95
105.7
103.37
104.88
106.41
104.89
105.83
107.39
107.1
107.34
107.68
109.1
109.71
109.79
109.69
108.54
108.48
109.79
109.53
109.12
109.89
108.63
108.63
109.48
109.48
108.3
108.17
108.19
108.26
108.37
108.78
109.87
109.74
110.9
110.84
110.35
111.32
110.89
110.19
110.01
109.81
109.09
109.98
109.21
109.34
108.87
109.07
108.43
109.21
110.55
109.18
109.83
112.18
113.15
113.42
114.02
114.25
115.19
114.55
113.62
113.74
112.84
112.61
112.62
111.03
110.84
110.18
108.98
108.7
107.65
106.84
106.2
105.77
104.73
104.73
105.41
106.04
106.03
105.71
106.48
106.85
105.78
106.89
106.7
106.98
106.47
104.94
103.45
103.63
102.82
104.17
104.02
103.36
103.47
101.68
102.27
101.15
101.13
99.37
99.74
99.92
100.28
100.09
100.49
100.5
100.4
100.71
101.12
100.21
100.88
101.21
99.51
99.53
98.08
96.26
96.42
96.31
96.43
97.39
97.7
96.82
96.75
95.37
94.87
94.53
95.2
95.08
95.7
94.67
94.57
91.29
90.8
90.65
90.9
90.25
90.47
88.66
87.82
86.36
84.02
84.02
85.27
84.42
85.17
86.38
85.94
86
85.64
85.57
86.91
85.5
84.17
84.9
82.12
82.88
82.08
83.2
82.9
80.94
80.42
77.74
77.51
76.86
77.23
77.21
77.61
79.2
79.62
77.62
77.39
71.89
70.87
71.13
70.13
68.48
68
65.64
66.11
63.32
63.65
61.67
61.09
60.26
59.84
58.81
58.87
58.31
59.07
58.67
58.72
57.86
55.6
55.27
55.38
51.08
50.12
49.06
49.43
47.64
46.9
45.13
45.82
47.66
47.38
46.49
46.5
46.09
46.69
46.07
46.55
47.07
46.61
47.52
51.74
54.41
55.07
55.98
55.88
57
55.79
53.48
56.23
60.33
61.57
60.78
60.72
58.78
60.99
59.78
60.33
59.77
61.39
61.89
60.75
61.18
59.18
60.33
59.15
58.67
55.95
56.46
56.66
54.8
52
52.17
52.59
52.96
53.88
53.82
53.61
54.18
57.02
56.44
53.99
53.69
55.73
55.73
55.73
57.55
56.42
56.04
56.82
57.14
57.69
59.32
60.13
61.31
61.2
60.12
60.12
62.66
62.96
62.86
62.61
63.97
63.9
64.13
64.62
65.44
66.22
64.93
63.82
62.82
65.09
66.33
65.58
64.69
65.15
63.48
63.52
64.7
64.7
61.65
62.06
62.58
65.56
64.88
65.49
63.8
62.03
63.31
62.69
64.88
65.7
65.11
63.87
62.61
63.7
63.87
64.26
63.02
63.34
64.45
63.49
63.2
63.26
62.01
63.59
62.01
62.07
60.32
56.54
56.85
57.05
58.61
58.73
57.85
58.51
57.05
57.51
57.1
56.65
57.04
56.13
55.27
54.62
53.47
53.3
53.38
53.31
52.21
49.52
49.99
49.59
49.52
48.61
50.41
49.18
49.66
49.22
49.03
48.74
48.81
47.16
46.62
45.46
42.69
43.21
43.14
47.56
50.05
54.15
49.56
50.5
50.68
49.61
47.63
49.52
47.58
48.89
48.14
46.37
46.63
49.75
49.08
47.47
48.92
49.08
47.75
48.17
48.6
47.34
48.23
48.37
47.69
48.13
49.25
51.92
51.33
53.05
52.65
49.86
49.24
49.15
48.71
50.46
48.61
48.71
47.85
48.08
47.99
47.54
46.81
49.05
48.8
49.56
48.79
50.54
48.58
47.98
47.42
47.19
47.44
45.81
44.06
43.61
44.56
43.57
44.14
44.18
44.66
44.83
46.12
46.17
45.46
44.86
44.61
44.44
42.49
43.84
43
40.73
40.26
40.11
39.73
37.93
37.92
38.45
37.19
37.06
36.88
36.35
36.11
37.36
37.89
36.62
37.79
36.46
37.28
37.22
36.42
34.23
33.75
33.55
31.55
30.86
30.31
31.03
28.94
28.55
28.76
27.88
29.25
32.18
30.5
31.8
33.1
33.89
34.74
34.24
32.72
35.04
34.46
34.06
32.88
30.32
30.84
30.06
33.36
33.39
32.18
34.5
34.28
33.01
34.69
33.27
34.41
35.29
35.1
35.97
36.81
36.93
37.07
38.72
40.84
39.65
41.07
40.05
40.39
39.53
38.74
40.33
41.54
41.2
41.54
41.79
40.47
40.44
40.27
39.14
39.26
39.6
38.67
37.69
37.87
39.84
39.43
41.94
42.83
44.69
44.18
43.84
43.1
42.91
44.03
45.8
44.53
45.11
44.48
45.74
47.18
48.14
48.13
45.83
44.97
44.62
45.01
45.37
43.63
45.52
47.6
48.08
47.83
48.97
49.28
48.93
48.81
48.72
48.35
48.61
49.74
49.59
49.32
49.76
49.69
49.72
50.04
49.64
50.55
51.44
52.51
51.95
50.54
50.35
49.83
48.97
47.19
49.17
50.65
50.62
49.88
50.91
48.41
47.16
48.58
50.61
49.68
50.35
50.1
47.96
48.8
46.4
46.76
46.25
48.47
46.26
47.37
47.61
46.96
46.66
47.17
46.2
45.69
44.72
44.87
43.47
42.7
42.46
42.14
41.8
43.1
44.29
44.27
45.39
44.98
44.05
46.04
46.97
48.35
49.23
49.85
50.89
50.88
49.16
49.96
49.05
49.67
49.92
49.26
48.37
47.04
45.45
46.83
47.63
47.26
47.98
49.99
48.01
48.32
47.1
45.85
46.59
45.77
45.95
45.88
46.83
47.65
45.89
47.35
45.97
48.69
49.24
49.06
50.89
50.87
51.86
52.51
51.93
53.14
52.41
51.81
52.03
51.95
51.52
51.68
52.67
51.38
51.78
51.46
50.79
49.98
50.47
49.71
48.3
48.14
46.86
46.35
45.58
46.15
46.04
46.36
45.84
44.75
44.43
46.95
46.63
46.49
46.86
48.9
49.12
48.95
49
47.24
48.24
46.38
50.47
53.94
54.46
54.94
53.93
53
53.89
54.33
55.69
55.72
53.9
54.02
55.21
54.92
55.35
54.46
55.05
55.16
56.09
56.22
56.14
56.82
56.82
55.47
56.46
56.89
57.1
54.94
53.64
55.1
56.01
55.45
55.86
55.47
53.92
54.16
55.49
55.23
55.44
55.08
56.24
55.52
55.23
55.7
56.8
56.56
56.81
55.72
55.05
55.12
55.63
56.7
55.59
55.97
55.75
55.65
55.81
56.18
56.66
55.84
56.58
55.99
55.93
55.59
56.36
55.08
55.9
56.01
55.92
53.11
52.19
51.37
51.35
50.92
51.81
51.74
51.76
51.62
50.96
50.64
50.56
50.8
50.75
51.33
52.42
52.96
52.83
53.12
54.17
54.36
54.89
55.24
55.98
56.23
55.86
55.89
55.36
54.89
52.93
52.99
51.96
51.6
52.1
51.82
51.44
51.73
51.52
50.46
50.79
48.38
49.1
49.34
48.73
50.22
50.77
50.84
51.82
51.65
52.21
52.51
53.61
53.87
54.15
53.96
51.46
52.15
52.29
51.84
50.31
50.63
49.95
49.47
50.12
48.06
47.86
48.15
48.29
48.72
47
46.92
47.37
46.91
46.02
44.82
45.22
45.54
45.83
46.65
47.31
47.42
47.92
49.68
49.61
47.79
48.11
46.71
46.88
47.52
47.74
48.42
48.91
48.42
48.84
49.7
49.3
48.06
48.6
50.2
50.97
51.49
52.52
52.65
51.78
52.36
52.01
52.42
52.37
52.14
52.7
51.9
52.1
50.73
50.8
50.27
51.03
52.72
51.66
51.87
52.57
52.04
52.41
51.89
52
50.86
52.38
52.75
52.34
53.38
54.2
54.49
53.78
53.84
54.27
55.16
55.47
55.62
55.48
55.14
56.29
56.43
56.86
59.02
58.44
57.9
57.41
57.54
56.12
56
55.8
57
55.62
55.79
56.61
56.94
56.25
57.17
57.82
57.88
58.15
57.23
57.75
57.37
58.33
58.44
59.3
60.44
60.9
61.37
60.49
60.62
62.07
64.27
63.69
63.49
63.93
63.52
63.16
60.91
61.25
61.18
61.34
61.34
62.28
62.92
63.27
63.58
63.25
63.56
63.74
63.53
64.57
63.45
63.45
62.25
62.37
63.86
65.62
64.96
63.66
63.72
63.81
64.45
63.69
64.43
64.64
64.61
66.03
66.8
66.73
66.65
67.85
68.73
68.01
68.48
69.08
69.79
70.36
69.64
70.31
69.4
69.19
69.48
68.56
69.32
69.81
69.91
71.08
70.08
68.41
67.78
67.78
68.6
67.45
67.69
66.75
65.74
64.26
63.04
62.2
61.94
62.29
62.86
64.3
64.95
64.68
64.81
66.12
67.04
67.96
67.59
66.08
64.23
64.26
65.78
65.67
65.09
63.87
65.19
64.53
64.2
63.61
63.67
64.68
64.82
66
68.15
68.98
69.03
68.81
68.63
68.13
69.02
69.02
66.04
66.54
66.51
68.19
70.67
72.74
71.44
73.18
72.05
71.71
73.73
74.85
74.62
74.54
75.86
73.79
75.39
75.33
75.92
74.85
73.14
73.45
74.75
74.16
77.6
77.59
77.37
78.17
78.94
78.19
80.09
78.38
78.34
80.42
78.69
78.9
76.6
74.51
75.89
76.45
74.54
73.41
72.91
73.23
75.23
75.11
74.58
74.86
75.07
74.77
72.02
74.87
74.92
74.25
72.87
73.67
72.82
73.58
76.09
76.26
77.44
76.71
75.87
76.99
77.09
74.98
77.08
77.8
75.35
72.11
74.11
71.03
70.87
70.52
71.94
71.99
73.45
73.53
73.67
74.51
74.84
74.99
74.16
72.28
72.95
72.48
72.51
72.31
70.71
70.55
71
70.62
70.77
68.38
69.21
70.14
71.11
71.65
72.96
73.73
74.41
74.41
75.91
76.07
77.05
76.94
77.81
77.51
76.68
75.67
75.55
76.77
78.22
80.02
77.66
77.87
78.22
79.25
79.43
79.03
78.9
80.89
82.21
81.87
81.54
82.72
84.94
85.63
85.45
86.07
85.12
84.22
85.16
83.82
81.35
80.71
80.91
80.53
79.91
80.3
80.38
80.45
78.67
77.34
77.3
77.4
77.56
75.68
74.84
71.25
71.11
72.68
70.64
70.1
69.29
69.01
69.81
65.45
64.88
65.61
65.29
64.14
61.5
61.65
61.11
57.69
59.7
59.58
57.97
58.29
57.71
60.17
61.22
61.4
57.83
61.71
60.29
59.73
59.94
59.03
58.56
57.59
55.26
55.6
52.84
51.93
51.49
50.57
54.06
53.23
55.64
57.1
56.91
59.46
60.47
59.24
58.8
58.65
59.81
59.85
62.04
62.18
60.9
61.05
61.09
61.49
59.71
60.98
61.89
62.46
61.86
62.26
61.67
62.22
61.01
61.37
61.3
62.58
63.27
64
65.65
66.41
65.86
66.82
66.91
66.91
64.02
64.51
65.55
65.03
63.71
64.44
